bali3.BB30009	0.228198	38	209	0.8415131323718584	0.3349282296650718
bali3.BB40047	0.190784	54	807	0.5705804469452733	0.03469640644361834
bali3.BB40040	0.258335	30	561	0.8245538549798193	0.41711229946524064
bali3.BBS30002	0.263361	31	537	1.0905908972587661	0.4655493482309125
bali3.BBS50011	0.219187	36	476	0.6073962918501055	0.23319327731092437
bali3.BBS12012	0.270628	4	337	1.1518298714144415	0.5222551928783383
bali3.BB12036	0.318817	7	224	1.587159863945579	0.6339285714285714
bali3.BBS20005	0.371605	42	358	1.6774051220161041	0.6731843575418994
bali3.BB30016	0.170823	37	393	0.5839197976602559	0.03816793893129771
bali3.BBS12035	0.318069	27	222	1.4916069916069916	0.6126126126126126
bali3.BBS50002	0.180166	13	266	0.6001060343165606	0.13909774436090225
bali3.BBS50001	0.240639	34	569	0.9764323687615325	0.36906854130052724
bali3.BBS12004	0.315462	15	256	1.4527529761904756	0.58984375
bali3.BB20041	0.231176	48	901	0.9338992923544374	0.43174250832408434
bali3.BB20030	0.468422	47	121	2.115434897287215	0.8842975206611571
bali3.BB20011	0.232249	21	239	0.6405260011954574	0.23430962343096234
bali3.BBS12013	0.329361	8	706	1.5993019020639418	0.6458923512747875
bali3.BBS30019	0.268299	34	250	1.0992655971480192	0.528
bali3.BB20007	0.259837	23	437	1.0087372581651757	0.5308924485125858
bali3.BB20018	0.363547	53	333	1.7791419866891587	0.8858858858858859
bali3.BB20015	0.291138	37	229	1.2028862924059431	0.6506550218340611
bali3.BB40019	0.277557	10	814	0.8668304668304664	0.41646191646191644
bali3.BB50004	0.364434	9	465	1.675149342891474	0.8236559139784946
bali3.BB30030	0.195686	62	616	0.7351621144587828	0.19318181818181818
bali3.BB11008	0.100950	4	447	0.2527964205816555	0.16554809843400448
bali3.BB40037	0.152638	46	340	0.5015743108837738	0.023529411764705882
bali3.BB40033	0.211778	19	591	0.850308229683063	0.37225042301184436
bali3.BB12003	0.290075	8	80	1.6178571428571424	0.6375
bali3.BBS11012	0.223793	4	349	0.9102196752626558	0.44412607449856734
bali3.BB11015	0.204832	4	331	0.6465256797583081	0.36555891238670696
bali3.BBS30025	0.232188	74	99	0.9396445012884341	0.29292929292929293
bali3.BBS12043	0.325663	34	241	1.5864971412933349	0.7510373443983402
bali3.BBS11017	0.187094	4	274	0.7287104622890825	0.3722627737226277
bali3.BB30010	0.400382	50	704	1.964960575139145	0.8877840909090909
bali3.BBS11010	0.186101	4	207	0.5201288244766505	0.34299516908212563
bali3.BB40014	0.244162	9	541	1.0680324501951122	0.4898336414048059
bali3.BB11023	0.164701	7	364	0.4543432757718476	0.1813186813186813
bali3.BB12014	0.202204	9	129	0.6345822566752799	0.2248062015503876
bali3.BBS12040	0.264232	5	132	1.2795454545454543	0.5303030303030303
bali3.BB11034	0.171521	8	581	0.515367592820261	0.18760757314974183
bali3.BB40009	0.196893	19	596	0.623788217747948	0.17785234899328858
bali3.BB12013	0.313493	8	748	1.5044404125286501	0.6296791443850267
bali3.BB11032	0.159438	8	356	0.5021067415730333	0.15168539325842698
bali3.BB50016	0.148423	18	798	0.4812030075187973	0.013784461152882205
bali3.BBS12025	0.274711	4	128	1.3138020833333337	0.5546875
bali3.BB40003	0.294217	12	619	1.2117540510109166	0.5912762520193862
bali3.BB50013	0.345770	18	311	1.6985688165941606	0.8231511254019293
bali3.BBS50010	0.266146	17	296	1.0514209062003181	0.5236486486486487
bali3.BBS20011	0.335867	21	101	1.6496463932107486	0.6732673267326733
bali3.BBS12022	0.373466	5	84	2.127380952380952	0.6190476190476191
bali3.BB30027	0.247184	20	125	1.0787368421052634	0.528
bali3.BB30029	0.296415	98	570	1.2463884305757034	0.5684210526315789
bali3.BBS20036	0.386550	91	73	2.1365413885964886	0.7397260273972602
bali3.BB40046	0.179691	29	617	0.5168940766939989	0.04213938411669368
bali3.BBS12033	0.281417	7	341	1.201647814551041	0.6129032258064516
bali3.BB30026	0.225895	81	484	0.8554165391286609	0.33884297520661155
bali3.BB30005	0.271343	113	532	1.136253837818315	0.650375939849624
bali3.BBS12017	0.299496	7	490	1.4183673469387748	0.6081632653061224
bali3.BB40021	0.238503	25	460	0.8042318840579705	0.26521739130434785
bali3.BBS11009	0.234192	4	96	1.0989583333333333	0.5
bali3.BBS20017	0.495384	45	571	2.5947442905411404	0.9667250437828371
bali3.BB30024	0.177269	69	665	0.555290399912826	0.02706766917293233
bali3.BB20025	0.383365	81	454	1.8401350138684935	0.8215859030837004
bali3.BB40006	0.204367	14	447	0.7489490375396421	0.28635346756152125
bali3.BBS30015	0.290358	21	115	1.1902277432712214	0.5826086956521739
bali3.BB30021	0.224066	140	251	0.7703131973647039	0.1593625498007968
bali3.BB40020	0.269106	23	867	1.0881008064699949	0.5190311418685121
bali3.BB20013	0.246817	28	621	0.9835220543755161	0.5539452495974235
bali3.BB50001	0.236241	34	615	0.959004680955901	0.383739837398374
bali3.BB12005	0.298802	9	223	1.4546586945690088	0.6860986547085202
bali3.BB12008	0.245090	13	490	0.9788069073783354	0.4897959183673469
bali3.BB20005	0.354097	42	458	1.6282123457541502	0.8362445414847162
bali3.BB12004	0.314115	15	263	1.4112982074959257	0.6159695817490495
bali3.BBS11007	0.195153	9	431	0.6067285382830627	0.2459396751740139
bali3.BBS30018	0.419620	78	299	2.047399646061854	0.8561872909698997
bali3.BBS30010	0.440042	50	572	2.22387184244327	0.9213286713286714
bali3.BBS12042	0.215323	4	540	0.7490740740740743	0.4074074074074074
bali3.BBS20021	0.474069	53	433	2.5680689958000533	0.9330254041570438
bali3.BBS11002	0.191640	8	67	0.7142857142857141	0.34328358208955223
bali3.BB30020	0.206918	56	205	0.49248970541653475	0.15609756097560976
bali3.BB12030	0.175330	6	1022	0.7665362035225042	0.3522504892367906
bali3.BBS11036	0.176581	8	384	0.5099516369047615	0.15625
bali3.BB50014	0.292270	30	641	1.289604963508885	0.5663026521060842
bali3.BBS11001	0.209127	4	77	0.841991341991342	0.42857142857142855
bali3.BBS30028	0.449063	89	357	2.192908930681577	0.9047619047619048
bali3.BB40027	0.175359	33	918	0.27952523602033413	0.017429193899782137
bali3.BBS50007	0.194688	23	228	0.6170168504264611	0.14912280701754385
bali3.BB20004	0.368551	55	668	1.8868162664569843	0.8368263473053892
bali3.BB11026	0.107466	7	386	0.16481618554157398	0.03626943005181347
bali3.BBS11030	0.186535	14	205	0.504529616724739	0.06829268292682927
bali3.BB40004	0.320719	67	583	1.3133769791305434	0.7135506003430532
bali3.BBS11035	0.187469	5	102	0.623529411764706	0.23529411764705882
bali3.BBS12031	0.329118	10	975	1.4730484330484324	0.6482051282051282
bali3.BB20010	0.353765	29	1195	1.7266586969515816	0.8928870292887029
bali3.BBS30020	0.263056	56	90	1.092258297258297	0.5333333333333333
bali3.BB40039	0.282962	34	803	1.0938792362863856	0.5193026151930261
bali3.BB12024	0.339930	4	261	1.5134099616858228	0.685823754789272
bali3.BBS20012	0.371343	27	225	1.7797657486546374	0.8044444444444444
bali3.BBS12036	0.333200	7	211	1.6686978108779067	0.6777251184834123
bali3.BBS12038	0.296150	10	265	1.4212159329140464	0.630188679245283
bali3.BB20008	0.169744	56	702	0.6174362674362679	0.009971509971509971
bali3.BBS20006	0.377186	51	252	1.7908776844070966	0.6785714285714286
bali3.BBS11013	0.143809	5	59	0.30508474576271194	0.2033898305084746
bali3.BB40012	0.237548	22	414	0.8981952025430286	0.42995169082125606
bali3.BB11028	0.142192	10	198	0.4525252525252525	0.08585858585858586
bali3.BB40049	0.135562	62	1151	0.3897160678342379	0.0026064291920069507
bali3.BB40005	0.270163	12	679	1.2677511491944484	0.5994108983799705
bali3.BBS30022	0.365334	66	104	1.8205307512999835	0.7980769230769231
bali3.BB12015	0.176039	12	257	0.5198089847895299	0.16731517509727625
bali3.BB30022	0.327596	66	126	1.5275539275539278	0.7936507936507936
bali3.BB11035	0.174916	5	117	0.606837606837607	0.29914529914529914
bali3.BB11007	0.194130	9	462	0.6133357383357391	0.24025974025974026
bali3.BB40023	0.180351	22	1444	0.3391493086783944	0.05332409972299169
bali3.BB12028	0.219110	8	356	0.8890449438202255	0.4044943820224719
bali3.BB40017	0.199283	42	299	0.6331635843831095	0.0903010033444816
bali3.BBS30026	0.264352	81	349	1.0688413102691996	0.498567335243553
bali3.BB20022	0.292240	58	377	1.2584979323824053	0.6339522546419099
bali3.BBS11024	0.171105	4	344	0.45494186046511637	0.30523255813953487
bali3.BB11013	0.116935	5	89	0.28539325842696633	0.16853932584269662
bali3.BB20017	0.455436	45	677	2.3743282156871546	0.9276218611521418
bali3.BB20035	0.271455	35	862	1.3524751896118061	0.8352668213457076
bali3.BBS30013	0.302572	86	447	1.3691728103759049	0.7427293064876958
bali3.BB12031	0.328248	10	978	1.4685980458986572	0.6676891615541922
bali3.BBS50009	0.344488	28	262	1.5711660406316903	0.7251908396946565
bali3.BBS12008	0.288063	13	376	1.1848745226404804	0.6143617021276596
bali3.BBS12019	0.400827	5	551	1.977858439201451	0.720508166969147
bali3.BB50006	0.187860	60	797	0.7013574917239115	0.1932245922208281
bali3.BB11029	0.179469	4	123	0.6070460704607049	0.3170731707317073
bali3.BBS30014	0.278518	44	213	1.1027851393065944	0.5352112676056338
bali3.BB11024	0.155154	4	484	0.45213498622589515	0.2975206611570248
bali3.BB20012	0.288610	27	524	1.2390661360127009	0.6545801526717557
bali3.BBS30017	0.230714	15	279	0.8146441372247817	0.3046594982078853
bali3.BBS11033	0.175005	11	104	0.5879370629370629	0.16346153846153846
bali3.BBS11034	0.192545	8	375	0.6520952380952382	0.248
bali3.BBS12001	0.270939	11	472	1.249961479198768	0.5169491525423728
bali3.BB11016	0.163260	8	568	0.48088531187122713	0.14612676056338028
bali3.BB20026	0.200006	32	789	0.7449072938386693	0.26362484157160965
bali3.BBS20027	0.366146	29	263	1.660388844143924	0.7604562737642585
bali3.BB40030	0.271488	32	413	1.2048299226743748	0.5326876513317191
bali3.BBS20004	0.417498	55	410	2.1911965180257864	0.8317073170731707
bali3.BB50008	0.264086	26	369	1.1716322701688566	0.5772357723577236
bali3.BB20028	0.384773	54	386	1.5756563582841818	0.7953367875647669
bali3.BBS20026	0.306454	32	288	1.357225862455198	0.6006944444444444
bali3.BBS20038	0.447700	42	104	2.3573550433306525	0.8365384615384616
bali3.BB50011	0.206106	36	569	0.5537227662007975	0.19507908611599298
bali3.BB20019	0.348141	24	520	1.5549052396878484	0.8480769230769231
bali3.BBS11037	0.164594	5	412	0.4570388349514558	0.26941747572815533
bali3.BB11002	0.132830	8	130	0.39395604395604383	0.07692307692307693
bali3.BB40043	0.193787	17	446	0.5085729359008175	0.1031390134529148
bali3.BB40045	0.206789	11	289	0.5748977665932684	0.2664359861591695
bali3.BB11022	0.111205	4	164	0.3546747967479673	0.21951219512195122
bali3.BBS12034	0.297690	4	286	1.4294871794871793	0.6468531468531469
bali3.BB12011	0.220926	12	1062	0.933501683501683	0.3775894538606403
bali3.BBS11015	0.207237	4	320	0.6609375	0.378125
bali3.BB30013	0.246919	86	771	1.092231915841171	0.6044098573281452
bali3.BB40044	0.208656	47	206	0.8539153786048522	0.3737864077669903
bali3.BB20038	0.394432	42	130	1.9350844277673542	0.8153846153846154
bali3.BBS11038	0.214117	8	292	0.8126223091976519	0.3732876712328767
bali3.BB12002	0.244694	6	226	1.0289085545732308	0.4823008849557522
bali3.BBS20020	0.341595	16	256	1.5419596354166674	0.7734375
bali3.BB20002	0.115771	20	836	0.3713611181062709	0.0035885167464114833
bali3.BB11001	0.208011	4	94	0.902482269503546	0.5106382978723404
bali3.BBS20031	0.330349	60	202	1.4699725904793872	0.6633663366336634
bali3.BB12027	0.281800	13	526	1.2881934288778398	0.5893536121673004
bali3.BBS30004	0.325174	50	408	1.3674509803921557	0.7083333333333334
bali3.BBS12030	0.362470	6	241	1.7704011065006902	0.7385892116182573
bali3.BBS11020	0.183367	9	221	0.530920060331825	0.19004524886877827
bali3.BB50015	0.148981	32	628	0.36381176802958726	0.0015923566878980893
bali3.BB20003	0.383703	74	484	1.6045296966841525	0.7252066115702479
bali3.BB11012	0.216387	4	397	0.904282115869018	0.4836272040302267
bali3.BB12025	0.193119	4	243	0.8004115226337445	0.4156378600823045
bali3.BB30001	0.276755	116	523	1.0413007645317047	0.5525812619502868
bali3.BB30004	0.272392	50	577	1.051079121423265	0.5337954939341422
bali3.BBS11005	0.165868	14	382	0.4658535182095388	0.028795811518324606
bali3.BBS12032	0.314135	9	65	1.602136752136752	0.5538461538461539
bali3.BB50003	0.229992	43	659	0.8604617553694723	0.3156297420333839
bali3.BBS12023	0.319121	5	739	1.5732070365358592	0.6738836265223275
bali3.BB11005	0.160959	14	464	0.444723380068208	0.028017241379310345
bali3.BB50010	0.208029	17	579	0.7916158691455856	0.29533678756476683
bali3.BBS20030	0.564509	47	90	0	0.9666666666666667
bali3.BB30003	0.214705	142	456	0	0.15350877192982457
bali3.BBS11023	0.176525	7	302	0.46830652790917704	0.17218543046357615
bali3.BBS11008	0.191519	4	122	0.6434426229508196	0.3360655737704918
bali3.BBS20033	0.449487	48	106	2.35549645390071	0.8301886792452831
bali3.BBS50014	0.319616	30	549	1.440734459728242	0.5901639344262295
bali3.BB12035	0.277743	27	289	1.2895927601809958	0.7024221453287197
bali3.BBS12003	0.341437	8	65	2.0538461538461537	0.6923076923076923
bali3.BBS20022	0.301973	58	352	1.3041010146840457	0.6022727272727273
bali3.BB30023	0.238385	77	310	0.856403104535532	0.3903225806451613
bali3.BB12032	0.289277	9	72	1.4000771604938274	0.5416666666666666
bali3.BB12041	0.256165	7	128	1.2544642857142851	0.59375
bali3.BBS12029	0.356374	12	283	1.7954813149159436	0.7491166077738516
bali3.BBS12006	0.302859	4	235	1.4319148936170212	0.6042553191489362
bali3.BB20031	0.313797	60	225	1.3536597614563726	0.6222222222222222
bali3.BB11019	0.194091	10	393	0.6159457167090757	0.1984732824427481
bali3.BB20014	0.300134	65	343	1.2026925880242247	0.6297376093294461
bali3.BBS12037	0.274754	13	512	1.2152694310897434	0.50390625
bali3.BB40010	0.282047	9	145	1.0350574712643679	0.38620689655172413
bali3.BB40035	0.166764	27	983	0.5592914300950927	0.20447609359104782
bali3.BBS20016	0.353071	27	110	1.5981869981869985	0.7
bali3.BB11017	0.180702	4	298	0.6828859060402686	0.37583892617449666
bali3.BB12021	0.308358	6	81	1.6419753086419753	0.691358024691358
bali3.BB40034	0.223782	34	423	0.8108915605786692	0.34278959810874704
bali3.BB40013	0.171175	35	271	0.4539303544295947	0.12546125461254612
bali3.BB12044	0.305530	11	610	1.3270342771982109	0.659016393442623
bali3.BBS11011	0.136539	5	213	0.35727699530516427	0.20187793427230047
bali3.BB50007	0.181697	23	260	0.5642900577683189	0.07692307692307693
bali3.BB50012	0.167745	49	963	0.5602249207055615	0.19418483904465214
bali3.BBS20034	0.289708	59	248	1.1793683188476836	0.5
bali3.BBS20018	0.381681	53	311	1.8985948226377756	0.8102893890675241
bali3.BB12019	0.318400	5	809	1.5260815822002491	0.6106304079110012
bali3.BB40008	0.224847	12	570	0.8277777777777777	0.39473684210526316
bali3.BBS12024	0.366470	4	243	1.6515775034293554	0.6790123456790124
bali3.BB20020	0.288461	16	325	1.2459743589743597	0.6738461538461539
bali3.BB12042	0.208369	4	561	0.7097445038621513	0.3761140819964349
bali3.BB11038	0.167896	8	453	0.6039104383475234	0.23620309050772628
bali3.BBS12005	0.330642	9	204	1.5976307189542482	0.6470588235294118
bali3.BBS30003	0.223148	142	358	0	0.24022346368715083
bali3.BBS20024	0.591845	30	74	2.979652065858962	0.9054054054054054
bali3.BB20021	0.380852	53	756	1.990176315648014	0.8240740740740741
bali3.BB12007	0.304331	8	1095	1.463405088062622	0.6301369863013698
bali3.BB12022	0.157520	5	373	0.6855227882037533	0.24664879356568364
bali3.BBS20019	0.358790	24	362	1.6502121867243174	0.7265193370165746
bali3.BBS20015	0.377356	37	58	1.5878896137516831	0.5689655172413793
bali3.BB50002	0.148902	13	548	0.4642055025266699	0.06204379562043796
bali3.BB30018	0.359348	78	470	1.6282129218299433	0.7617021276595745
bali3.BBS11014	0.216826	6	552	0.7521739130434785	0.3822463768115942
bali3.BB20001	0.152734	16	432	0.4050347222222226	0.013888888888888888
bali3.BBS50015	0.193605	32	310	0.6192702913631638	0.0935483870967742
bali3.BBS50016	0.208682	18	427	0.8219681315149004	0.28337236533957844
bali3.BB12010	0.266574	7	382	1.1594365494889058	0.5549738219895288
bali3.BB30019	0.223782	34	423	0.8108915605786692	0.34278959810874704
bali3.BB40038	0.182186	23	507	0.2338642405532038	0.0631163708086785
bali3.BBS12009	0.331750	5	68	1.5000000000000007	0.5147058823529411
bali3.BB30011	0.320685	65	348	1.4304680592396115	0.8074712643678161
bali3.BB12034	0.294893	4	291	1.4163802978235975	0.6254295532646048
bali3.BB40002	0.110632	56	861	0.2938594506538753	0.0011614401858304297
bali3.BB12033	0.203808	7	569	0.812452924930958	0.37082601054481545
bali3.BBS11022	0.148893	4	69	0.3768115942028985	0.2753623188405797
bali3.BB11004	0.160755	4	489	0.4911383776414446	0.2903885480572597
bali3.BBS12014	0.351321	9	49	1.7154195011337863	0.5306122448979592
bali3.BB20016	0.204107	27	281	0.749662884894202	0.2704626334519573
bali3.BB11009	0.113143	4	317	0.4095688748685594	0.27129337539432175
bali3.BBS30023	0.257142	77	255	0.966696152145069	0.4470588235294118
bali3.BB40016	0.199283	42	299	0.6331635843831095	0.0903010033444816
bali3.BB11027	0.168750	7	283	0.4435470301194684	0.16607773851590105
bali3.BB11030	0.169406	14	340	0.43952811893988425	0.05
bali3.BBS11025	0.144444	4	63	0.13227513227513232	0.20634920634920634
bali3.BB20040	0.344518	87	508	1.645657714998936	0.6889763779527559
bali3.BBS20023	0.319481	31	204	1.3406599198819311	0.6127450980392157
bali3.BBS30009	0.314543	38	73	1.223075274264892	0.5342465753424658
bali3.BB50009	0.262291	28	506	1.1206840663362418	0.541501976284585
bali3.BB12016	0.140096	5	801	0.31710362047440704	0.10112359550561797
bali3.BBS30012	0.285197	65	338	1.1842882339553944	0.5680473372781065
bali3.BB40042	0.219725	31	374	0.6777356103731815	0.2620320855614973
bali3.BB11025	0.121674	4	100	0.32499999999999996	0.22
bali3.BBS12010	0.298780	7	325	1.3312820512820502	0.5784615384615385
bali3.BBS20009	0.415884	29	219	2.064815439638303	0.730593607305936
bali3.BB30007	0.230852	24	179	0.7627520038863249	0.31843575418994413
bali3.BBS12002	0.255391	6	190	1.068070175439737	0.5263157894736842
bali3.BB11010	0.186595	4	559	0.5214669051878356	0.3076923076923077
bali3.BB20037	0.272993	65	534	1.1399821737251514	0.7153558052434457
bali3.BBS11031	0.160002	11	370	0.5121375921375921	0.10810810810810811
bali3.BBS20007	0.265051	23	419	1.029752752176743	0.5584725536992841
bali3.BB20023	0.301915	31	232	1.258203559510567	0.6206896551724138
bali3.BB40022	0.139532	14	550	0.388811188811189	0.08181818181818182
bali3.BB12039	0.201177	11	144	0.7349747474747479	0.3055555555555556
bali3.BBS30001	0.323800	116	185	1.4058170914542754	0.6270270270270271
bali3.BB40007	0.171149	8	2173	0.6899447768062592	0.24252185918085595
bali3.BBS50013	0.369054	18	234	1.8155130998268243	0.7905982905982906
bali3.BB20034	0.270690	59	292	1.0643619448692183	0.5376712328767124
bali3.BB40015	0.106522	33	998	0.24037848424120994	0.001002004008016032
bali3.BBS12027	0.298252	13	212	1.3910861151427183	0.6179245283018868
bali3.BB20033	0.416293	48	122	2.153317928147889	0.8688524590163934
bali3.BBS11006	0.158596	8	241	0.4605809128630705	0.1950207468879668
bali3.BBS50008	0.314837	26	192	1.5811378205128204	0.7291666666666666
bali3.BB30002	0.241065	31	639	0.9893247177209021	0.4350547730829421
bali3.BBS20035	0.385200	35	168	1.9128151260504207	0.8809523809523809
bali3.BBS20003	0.414272	74	420	1.9973519507766468	0.7452380952380953
bali3.BB11014	0.207161	6	599	0.7110740122426261	0.34390651085141904
bali3.BB30015	0.207313	21	390	0.5100488400488401	0.11794871794871795
bali3.BB12026	0.322344	18	285	1.318335053319573	0.6631578947368421
bali3.BB12012	0.224641	4	452	0.8160029498525069	0.4026548672566372
bali3.BBS20032	0.414110	61	107	0	0.8504672897196262
bali3.BBS30030	0.300816	62	285	1.3086364774972865	0.6596491228070176
bali3.BB20009	0.355033	29	394	1.7093033432522322	0.8527918781725888
bali3.BB40032	0.159066	6	1103	0.6560894530069498	0.28014505893019037
bali3.BB40024	0.166602	34	695	0.4948255299503719	0.053237410071942444
bali3.BB11037	0.129937	5	713	0.28611500701262277	0.13744740532959326
bali3.BB30028	0.451363	89	448	2.1754694568072455	0.9129464285714286
bali3.BB12006	0.299248	4	241	1.4287690179806367	0.5684647302904564
bali3.BB11011	0.143129	5	242	0.3305785123966942	0.15702479338842976
bali3.BBS12016	0.293116	5	110	1.1809090909090911	0.6090909090909091
bali3.BB12037	0.215863	13	967	0.5978177286346875	0.24095139607032057
bali3.BBS11003	0.183329	4	473	0.5831571529245947	0.38054968287526425
bali3.BB12023	0.312989	5	764	1.5382198952879584	0.6767015706806283
bali3.BBS12011	0.279439	12	628	1.2280930322331578	0.5334394904458599
bali3.BBS20001	0.316840	16	75	1.5802222222222224	0.6666666666666666
bali3.BBS12044	0.308270	11	597	1.3322978529008684	0.6515912897822446
bali3.BB40031	0.271854	27	508	1.1258384368620598	0.48031496062992124
bali3.BB20029	0.284645	29	119	1.314774185536284	0.5966386554621849
bali3.BBS50005	0.419907	11	717	2.1392164321034586	0.8967921896792189
bali3.BBS11018	0.177687	14	505	0.6232401262105656	0.16831683168316833
bali3.BBS20037	0.300507	65	352	1.312087521853147	0.5880681818181818
bali3.BB12029	0.273612	12	499	1.273364911641466	0.5671342685370742
bali3.BBS12041	0.282067	7	116	1.4310344827586217	0.603448275862069
bali3.BB11031	0.151287	11	455	0.44867132867132836	0.09010989010989011
bali3.BBS30006	0.258440	18	105	1.0844693432928725	0.4
bali3.BBS11028	0.184330	10	96	0.5611111111111111	0.21875
bali3.BB40041	0.126360	55	493	0.27549053755950326	0.014198782961460446
bali3.BBS20039	0.469995	91	360	2.3343128476461925	0.9111111111111111
bali3.BB20024	0.243174	30	522	0.9682124455013873	0.40804597701149425
bali3.BB12040	0.246515	5	147	1.2081632653061223	0.5374149659863946
bali3.BB40029	0.256375	24	223	0.8307824787157981	0.39461883408071746
bali3.BBS20010	0.365490	29	608	1.7530504602022303	0.78125
bali3.BB12017	0.292625	7	510	1.3847805788982257	0.6333333333333333
bali3.BB11003	0.171090	4	536	0.5537935323383082	0.35261194029850745
bali3.BB30006	0.162299	18	460	0.3358198351804496	0.05
bali3.BB40048	0.352243	17	904	1.4471385346173866	0.6128318584070797
bali3.BB11020	0.176186	9	244	0.5140027322404369	0.1680327868852459
bali3.BBS20008	0.299458	56	93	1.3086580086580089	0.4946236559139785
bali3.BBS12007	0.315681	8	1038	1.5051954307734652	0.6522157996146436
bali3.BB40028	0.297513	22	364	1.0706674278102861	0.5
bali3.BBS12028	0.290719	8	244	1.4423302107728335	0.6065573770491803
bali3.BB30025	0.182145	74	175	0.65798275770884	0.10857142857142857
bali3.BB40011	0.113366	39	687	0.3048518171478411	0.001455604075691412
bali3.BBS11032	0.198794	8	250	0.6581428571428568	0.304
bali3.BBS50012	0.288213	49	315	1.1488014253320378	0.5841269841269842
bali3.BBS50006	0.229189	60	478	0.9409746353686532	0.3075313807531381
bali3.BBS30029	0.323033	98	446	1.4804135976428376	0.5807174887892377
bali3.BBS12020	0.260811	4	128	1.205729166666667	0.4921875
bali3.BB40025	0.270241	14	335	1.153157290470724	0.608955223880597
bali3.BB11033	0.142059	11	191	0.37572584483579263	0.06806282722513089
bali3.BBS11027	0.182343	7	217	0.4906736888303709	0.1935483870967742
bali3.BBS30021	0.240320	140	209	0.8791243969964153	0.24880382775119617
bali3.BB30014	0.264912	44	235	1.0552021951329227	0.4851063829787234
bali3.BB30012	0.242754	65	466	0.9281384120171667	0.4055793991416309
bali3.BB11006	0.154545	8	285	0.43671679197994956	0.12631578947368421
bali3.BB40026	0.208246	36	710	0	0.32816901408450705
bali3.BB12020	0.253590	4	131	1.1615776081424933	0.5038167938931297
bali3.BBS20002	0.267041	20	45	1.2445614035087715	0.4888888888888889
bali3.BB30017	0.209974	15	357	0.7453381352541013	0.21008403361344538
bali3.BBS20028	0.474533	54	264	2.4719575206996596	0.9128787878787878
bali3.BBS30027	0.276971	20	102	1.2298245614035097	0.5294117647058824
bali3.BB20039	0.470724	91	442	2.3270244586986752	0.9298642533936652
bali3.BBS30007	0.291086	24	107	1.3154882838954365	0.5607476635514018
bali3.BB12009	0.192305	5	153	0.7013071895424837	0.32679738562091504
bali3.BBS30011	0.340700	65	316	1.5743473101265821	0.7563291139240507
bali3.BB12043	0.238216	34	391	0.7945119921951576	0.25831202046035806
bali3.BBS11016	0.195233	8	360	0.6406746031746029	0.2611111111111111
bali3.BBS12039	0.260040	11	74	1.362899262899263	0.3918918918918919
bali3.BB40018	0.139998	9	532	0.2677005012531329	0.05263157894736842
bali3.BBS30016	0.352401	37	65	1.5043428043428047	0.8
bali3.BB11021	0.182876	4	141	0.7706855791962176	0.41134751773049644
bali3.BBS11004	0.174203	4	431	0.5081206496519722	0.33410672853828305
bali3.BB40001	0.149275	28	666	0.5239048572381906	0.06906906906906907
bali3.BB12001	0.258930	11	502	1.1834118073161894	0.5338645418326693
bali3.BBS30024	0.243456	69	228	0.9859839816933643	0.4342105263157895
bali3.BBS12015	0.264477	12	132	1.0911386593204775	0.4621212121212121
bali3.BBS30008	0.329418	36	456	0	0.8201754385964912
bali3.BBS20013	0.289190	28	210	1.278193499622071	0.6142857142857143
bali3.BBS11019	0.197070	10	387	0.6255526844674133	0.22739018087855298
bali3.BBS30005	0.314290	113	247	1.4187941774108512	0.7004048582995951
bali3.BBS12021	0.315134	6	77	1.6943722943722952	0.6883116883116883
bali3.BBS11021	0.213910	4	111	0.7477477477477478	0.36936936936936937
bali3.BBS12026	0.341305	18	261	1.4842611374051555	0.7394636015325671
bali3.BB40036	0.347742	29	393	1.412401759861617	0.7760814249363868
bali3.BB50005	0.408905	11	757	2.0796925663504253	0.8863936591809776
bali3.BB20006	0.367971	51	261	1.7369574036511144	0.7203065134099617
bali3.BB30008	0.297062	36	646	0	0.651702786377709
bali3.BB12018	0.363085	4	899	1.715980719317759	0.6952169076751946
bali3.BB20036	0.266771	91	155	1.142698018827195	0.5741935483870968
bali3.BBS11029	0.186375	4	104	0.6201923076923079	0.2980769230769231
bali3.BBS50003	0.281936	43	241	1.1281711951402194	0.4896265560165975
bali3.BBS11026	0.176018	7	91	0.5327053898482473	0.23076923076923078
bali3.BB11036	0.172655	8	428	0.4881508678237649	0.15654205607476634
bali3.BBS20029	0.374078	29	60	1.8395320197044331	0.75
bali3.BB11018	0.157379	14	672	0.5350928833072754	0.0818452380952381
bali3.BB12038	0.210840	10	737	0.5255238956731499	0.26051560379918587
bali3.BB20032	0.393005	61	126	0	0.8253968253968254
bali3.BBS20040	0.422038	87	318	2.15700322282913	0.8333333333333334
bali3.BB20027	0.238862	29	615	0.9364892466658651	0.44552845528455287
bali3.BBS12018	0.376887	4	857	1.806495527032286	0.6942823803967327
bali3.BBS20014	0.360543	65	214	1.8229758267433562	0.8364485981308412
bali3.BBS20041	0.414760	48	286	2.1226194018747195	0.8461538461538461
bali3.BBS20025	0.449672	81	282	2.2677469135802473	0.8900709219858156
ox._140s7	0.436345	3	172	2.197674418604651	0.7093023255813954
ox.___581	0.298945	21	93	1.2908346134152584	0.6666666666666666
ox.____60	0.202107	3	90	0.6037037037037039	0.4222222222222222
ox._12s70	0.780910	3	115	4.2956521739130435	0.9478260869565217
ox._134t4	0.368539	4	125	1.5946666666666667	0.688
ox._144s2	0.621992	4	172	3.4273255813953494	0.9127906976744186
ox.___451	0.408187	5	107	1.9915887850467284	0.7850467289719626
ox.12s106	0.579087	9	120	3.108796296296297	0.9166666666666666
ox.136t15	0.564444	3	150	2.7644444444444436	0.74
ox.____30	0.486837	6	248	2.567741935483873	0.7782258064516129
ox.___588	0.709304	32	47	3.991549416609471	0.9787234042553191
ox._22t60	0.169475	14	103	0.475194708204417	0.08737864077669903
ox.__82t5	0.337783	7	126	1.4043839758125474	0.5873015873015873
ox.__35t1	0.414903	3	278	2.2206235011990407	0.7158273381294964
ox._267t1	0.843398	3	324	4.655349794238684	0.9444444444444444
ox.12t107	0.620673	6	112	3.263095238095239	0.875
ox._498s2	0.540733	3	99	2.801346801346803	0.8383838383838383
ox.104s16	0.564865	5	74	2.8905405405405404	0.7837837837837838
ox.___658	0.398846	4	101	2.0132013201320147	0.6831683168316832
ox.581t14	0.449139	10	81	2.2043895747599462	0.8148148148148148
ox.__86t9	0.706981	10	98	3.735374149659865	0.9897959183673469
ox.___414	0.601811	6	53	3.8503144654088044	0.8301886792452831
ox.___137	0.575932	7	181	3.011049723756907	0.861878453038674
ox.___591	0.923317	3	103	4.6860841423948205	0.9805825242718447
ox.136s16	0.804939	10	152	4.250146198830408	0.993421052631579
ox.__82s4	0.452786	4	126	1.9589947089947088	0.6904761904761905
ox._118s1	0.627894	3	65	3.3333333333333326	0.8923076923076924
ox._139s4	0.504834	4	107	2.6666666666666665	0.7383177570093458
ox._12s57	0.784708	3	122	4.1775956284153	0.9098360655737705
ox._12s84	0.645119	4	124	3.288978494623657	0.8387096774193549
ox.136t30	0.363256	5	157	1.7070063694267512	0.7197452229299363
ox._490s5	0.515713	5	158	2.810126582278482	0.8417721518987342
ox.__82s5	0.382760	4	129	1.6188630490956077	0.6744186046511628
ox.____89	0.248332	4	79	1.1856540084388185	0.45569620253164556
ox._263t5	0.437183	6	435	2.155249042145594	0.8413793103448276
ox._22s46	0.269828	3	91	1.172161172161172	0.5384615384615384
ox._437t7	0.392787	9	135	1.936008230452676	0.7111111111111111
ox._22s55	0.443171	37	104	2.231274543774543	0.9038461538461539
ox.____51	0.211927	5	394	0.7631979695431474	0.38578680203045684
ox.___573	0.535829	4	45	3.2000000000000006	0.7333333333333333
ox._581t9	0.419125	6	111	2.027627627627628	0.7027027027027027
ox.___410	0.947812	3	140	4.866666666666665	0.9928571428571429
ox.___442	0.656645	4	107	3.6682242990654195	0.9252336448598131
ox.____90	0.206677	5	308	0.6623376623376621	0.36363636363636365
ox._581s5	0.852604	4	71	4.431924882629108	0.9859154929577465
ox.___116	0.350713	5	191	1.3853403141361256	0.7068062827225131
ox._655s1	0.479878	3	81	2.987654320987655	0.7160493827160493
ox._22s56	0.198875	4	92	0.5579710144927539	0.3695652173913043
ox.__43t8	0.511723	9	252	2.5458553791887133	0.8650793650793651
ox.___669	0.438834	4	56	2.3571428571428563	0.6071428571428571
ox.__34t3	0.462074	5	88	2.3068181818181817	0.7954545454545454
ox.___468	0.611455	5	153	3.267973856209151	0.9150326797385621
ox.____75	0.319375	5	70	1.517142857142857	0.5857142857142857
ox.___655	0.425418	4	83	2.5421686746987953	0.7349397590361446
ox.__78t7	0.552408	4	155	2.741935483870966	0.9096774193548387
ox.___351	0.347423	4	173	1.610789980732178	0.7109826589595376
ox._____9	0.712906	6	109	3.596330275229359	1.0
ox._12s55	0.797771	7	109	4.1743119266055055	0.908256880733945
ox.136t24	0.252944	3	146	1.0045662100456625	0.5136986301369864
ox.___145	0.915942	3	115	4.918840579710146	0.9478260869565217
ox._468s1	0.713852	3	152	3.8004385964912277	0.9342105263157895
ox.__74t3	0.465624	5	396	2.3800505050505074	0.8106060606060606
ox._120s1	0.357479	3	91	1.8315018315018314	0.6923076923076923
ox.___120	0.331676	4	92	1.7192028985507248	0.6521739130434783
ox._22t55	0.233888	8	101	0.8815417256011314	0.4158415841584158
ox.__74s2	0.640656	3	391	3.5430520034100588	0.9232736572890026
ox.140t11	0.287830	4	180	1.164814814814815	0.5555555555555556
ox._____4	0.272149	7	101	1.0198019801980196	0.5346534653465347
ox.__43s6	0.602346	6	249	3.10334672021419	0.927710843373494
ox._130t2	0.484301	3	86	2.5658914728682176	0.7790697674418605
ox.____85	0.433306	6	99	2.0700336700336694	0.6868686868686869
ox.___200	0.397555	5	564	1.8831560283687918	0.7340425531914894
ox.___294	0.375058	7	193	1.7372316802368621	0.7357512953367875
ox.___355	0.275569	4	201	1.158374792703151	0.5472636815920398
ox._78t10	0.232256	11	158	0.8338319907940158	0.37341772151898733
ox.___469	0.427463	3	113	2.100294985250738	0.7256637168141593
ox.___113	0.330578	4	155	1.4645161290322581	0.6774193548387096
ox._22t48	0.485386	14	106	2.589363466721958	0.9245283018867925
ox.__78s9	0.276277	7	147	1.0725623582766446	0.5306122448979592
ox._____8	0.531242	5	169	2.4088757396449707	0.834319526627219
ox.588s27	0.904286	15	45	5.041904761904761	1.0
ox._553s5	0.565005	3	123	3.192411924119243	0.7073170731707317
ox.__35t2	0.277256	4	297	1.1795735129068465	0.5555555555555556
ox.___136	0.285799	35	154	1.1797882789479437	0.6103896103896104
ox.__86s7	0.921741	7	98	4.787657920310981	1.0
ox.12t117	0.381517	115	119	1.8698600721753236	0.8907563025210085
ox._12s19	0.618264	3	110	4.8121212121212125	0.9636363636363636
ox.136t27	0.200985	6	151	0.7033112582781459	0.32450331125827814
ox.___553	0.478808	9	124	2.7638888888888893	0.7903225806451613
ox.____41	0.617967	5	144	2.616666666666667	0.8680555555555556
ox.__66t4	0.265521	4	116	1.1336206896551724	0.5603448275862069
ox._429s8	0.374193	3	58	2.1724137931034484	0.603448275862069
ox.____71	0.304406	3	59	1.2768361581920904	0.5932203389830508
ox._186t1	0.948792	3	345	4.797101449275362	0.9681159420289855
ox.12s117	0.381404	115	119	1.8684652808491813	0.8907563025210085
ox._12s80	0.694748	4	112	3.608630952380953	0.9196428571428571
ox.___138	0.466814	5	123	2.3617886178861793	0.8861788617886179
ox.__51t2	0.260592	4	357	1.061157796451914	0.5182072829131653
ox.____35	0.228200	5	316	0.8389240506329111	0.45569620253164556
ox.__24t8	0.304769	6	121	1.4468319559228657	0.5454545454545454
ox._140s1	0.679567	3	170	3.8372549019607853	0.9294117647058824
ox.__99t1	0.512790	3	131	2.5419847328244267	0.8015267175572519
ox.104s13	0.657658	4	74	3.3626126126126126	0.918918918918919
ox.136t25	0.473207	12	147	2.3678622964337244	0.9115646258503401
ox._140t8	0.631382	5	178	3.393820224719102	0.9438202247191011
ox.__75s2	0.281379	3	75	1.448888888888889	0.49333333333333335
ox.___706	0.912421	39	46	4.588687437657688	1.0
ox.__93s5	0.356367	5	60	2.0716666666666663	0.7
ox._104s8	0.774775	3	74	4.085585585585587	0.9594594594594594
ox._429s6	0.919511	8	57	5.195488721804511	1.0
ox._491s4	0.538486	4	173	2.8863198458574186	0.8208092485549133
ox._341s3	0.674747	3	165	3.4989898989898984	0.8303030303030303
ox.136s14	0.784932	5	146	4.186986301369863	0.9383561643835616
ox._22t56	0.351793	49	105	1.6714042759961123	0.8476190476190476
ox.__57t5	0.254176	3	251	1.0531208499335987	0.5378486055776892
ox.____49	0.156863	3	229	0.42503639010189215	0.35807860262008734
ox._490t8	0.307821	4	168	1.3789682539682542	0.6130952380952381
ox._22s30	0.796159	5	104	4.288461538461538	0.9807692307692307
ox.___9t3	0.959273	5	107	5.140186915887851	1.0
ox._22t58	0.200850	10	105	0.684021164021164	0.26666666666666666
ox._22t54	0.254854	3	80	1.0333333333333337	0.4125
ox.104t18	0.611628	5	86	3.060465116279069	0.872093023255814
ox._491s3	0.463024	3	179	2.2811918063314716	0.7486033519553073
ox.__10s8	0.419942	3	150	2.1399999999999997	0.7
ox.___316	0.500742	6	165	2.7252525252525257	0.9090909090909091
ox.___614	0.466279	3	165	2.3717171717171714	0.8121212121212121
ox.__43s3	0.899134	3	247	4.697705802968961	0.9838056680161943
ox._451t1	0.627403	3	105	3.3809523809523827	0.9142857142857143
ox.__57s1	0.450413	3	204	2.3235294117647065	0.7892156862745098
ox._512s1	0.654816	3	151	3.39514348785872	0.9006622516556292
ox.___197	0.574222	6	412	2.8475728155339795	0.9733009708737864
ox._12s83	0.750585	6	113	3.9805309734513274	0.9557522123893806
ox._140s9	0.413904	9	175	2.153015873015871	0.8228571428571428
ox._10t10	0.348249	4	152	1.5361842105263157	0.6118421052631579
ox.___303	0.388572	3	162	1.9999999999999996	0.7407407407407407
ox.____61	0.423776	7	214	1.8569203382287498	0.7663551401869159
ox._22t44	0.777974	20	99	4.067198298777249	0.9797979797979798
ox._491t6	0.379900	8	180	1.8378968253968246	0.7222222222222222
ox.____94	0.534746	3	123	2.9457994579945814	0.8373983739837398
ox._620s7	0.908801	8	109	4.929554390563566	1.0
ox.__90t2	0.246471	3	299	0.8851727982162764	0.49498327759197325
ox.__66t5	0.493528	4	103	2.47411003236246	0.912621359223301
ox._294t4	0.401898	3	192	1.8263888888888893	0.7083333333333334
ox.136s22	0.529648	11	146	2.708094645080946	0.9315068493150684
ox.___249	0.360981	6	309	1.612081984897518	0.6763754045307443
ox._429t9	0.642838	11	57	3.617862838915472	0.9824561403508771
ox._123t2	0.144069	3	143	0.3799533799533799	0.3006993006993007
ox.12s112	0.508643	54	122	2.763463587311406	0.8278688524590164
ox.___144	0.448742	5	175	2.1834285714285717	0.8057142857142857
ox._498t2	0.556738	3	94	2.843971631205674	0.851063829787234
ox._294t3	0.557913	4	182	2.7289377289377295	0.8461538461538461
ox._140t7	0.339093	4	168	1.6587301587301588	0.6845238095238095
ox.____66	0.231477	8	114	0.8919172932330828	0.43859649122807015
ox.581s12	0.578806	6	72	3.2351851851851863	0.9166666666666666
ox.__57t7	0.221056	6	206	0.8540453074433653	0.4077669902912621
ox.___108	0.449128	3	213	1.9640062597809078	0.7464788732394366
ox.___104	0.350926	21	79	1.5911995177817964	0.7215189873417721
ox._316t3	0.621685	4	159	3.406708595387839	0.9119496855345912
ox.__34s1	0.700627	3	87	3.7011494252873565	0.9310344827586207
ox._294s2	0.761639	3	179	3.824953445065178	0.9217877094972067
ox._22t59	0.187794	4	91	0.6153846153846154	0.34065934065934067
ox.__24t6	0.393333	3	99	3.225589225589225	0.8080808080808081
ox.____12	0.356002	122	120	1.704693356817054	0.8416666666666667
ox.___4t2	0.569217	4	86	3.1531007751937987	0.9186046511627907
ox._12s82	0.697623	5	123	3.6455284552845546	0.8699186991869918
ox.___133	0.205483	4	457	0.7538293216630197	0.4201312910284464
ox.____14	0.211338	4	70	0.8214285714285714	0.5428571428571428
ox._22t49	0.379353	12	99	1.892868074686256	0.7373737373737373
ox.__10t8	0.705843	5	161	3.531677018633539	0.9192546583850931
ox.___132	0.368512	4	195	1.8059829059829056	0.717948717948718
ox.___512	0.543706	4	151	2.775938189845475	0.8211920529801324
ox.581t18	0.245621	11	103	1.0524271844660196	0.44660194174757284
ox._144s1	0.730575	3	171	3.982456140350878	0.9532163742690059
ox.____96	0.361711	3	130	1.507692307692307	0.7384615384615385
ox._123s2	0.141274	3	139	0.3453237410071944	0.3381294964028777
ox.__39t2	0.643712	4	192	3.089409722222221	0.9479166666666666
ox.136s20	0.674886	6	146	3.6109589041095878	0.9383561643835616
ox.____80	0.276391	5	238	1.3310924369747892	0.6218487394957983
ox.588t29	0.534722	3	58	2.8448275862068955	0.7586206896551724
ox.104s10	0.695087	5	73	3.594520547945206	0.9041095890410958
ox.____42	0.130001	5	299	0.33177257525083625	0.14715719063545152
ox._138t2	0.620946	4	119	3.336134453781512	0.957983193277311
ox._490t6	0.381078	3	158	1.9367088607594933	0.6708860759493671
ox._22t42	0.479897	6	101	2.584818481848185	0.8415841584158416
ox.__92t2	0.897850	3	124	4.849462365591398	1.0
ox.136t29	0.407315	23	150	1.8886956521739129	0.7933333333333333
ox.___106	0.210643	3	408	0.5800653594771247	0.4019607843137255
ox.____82	0.243985	11	143	0.852256834075016	0.36363636363636365
ox.__82t7	0.295837	9	130	1.1668803418803426	0.5692307692307692
ox._490s4	0.559886	4	158	3.025316455696202	0.8417721518987342
ox._354t1	0.640134	3	139	3.3980815347721824	0.8848920863309353
ox._12s74	0.833062	7	107	4.3079661771250555	0.9813084112149533
ox.____52	0.377154	4	143	1.769230769230769	0.6993006993006993
ox.581s10	0.727012	4	83	3.6144578313253013	0.927710843373494
ox._22s33	0.743071	5	96	4.186458333333332	0.9479166666666666
ox.581t16	0.255495	3	85	1.1019607843137256	0.5647058823529412
ox.__14t1	0.253824	3	63	1.1216931216931219	0.5555555555555556
ox.__89s1	0.300884	3	82	1.5162601626016259	0.573170731707317
ox.___186	0.592359	4	385	2.696103896103897	0.9272727272727272
ox._22t40	0.316575	5	93	1.4999999999999998	0.6774193548387096
ox._553s6	0.610683	6	122	3.652459016393443	0.8688524590163934
ox._658t1	0.601424	3	79	3.5654008438818567	0.8607594936708861
ox.140t10	0.382147	10	174	1.9485312899106015	0.7873563218390804
ox._581s4	0.876693	3	78	4.538461538461539	0.9743589743589743
ox.___263	0.321608	8	446	1.4718129404228077	0.7174887892376681
ox._263t3	0.696618	4	404	3.8799504950495067	0.9207920792079208
ox._134s4	0.350599	6	124	1.615591397849463	0.6209677419354839
ox._431s1	0.968254	3	63	5.328042328042328	0.9841269841269841
ox.581s14	0.556900	5	82	2.796341463414635	0.8780487804878049
ox._104s6	0.868217	3	86	4.372093023255814	0.9302325581395349
ox._86t10	0.618664	11	101	3.148874887488748	0.9702970297029703
ox._22s38	0.780162	21	99	4.080471380471381	0.9797979797979798
ox._116t1	0.784467	3	162	3.9197530864197545	0.9691358024691358
ox.___415	0.604762	4	43	3.124031007751938	0.8372093023255814
ox._137t4	0.707923	6	180	3.795185185185185	0.8777777777777778
ox.____39	0.446065	5	193	2.003626943005181	0.844559585492228
ox.___267	0.573719	4	329	2.9174265450861188	0.9148936170212766
ox.___488	0.576741	5	112	3.3258928571428568	0.9196428571428571
ox._22t39	0.602359	6	96	3.3333333333333326	0.9270833333333334
ox.___433	0.417380	3	64	2.395833333333333	0.71875
ox._139s6	0.414311	5	112	1.839285714285714	0.7678571428571429
ox._429s9	0.783937	9	58	4.338122605363985	0.9827586206896551
ox._22s24	0.867895	3	101	4.534653465346534	0.9306930693069307
ox.____99	0.355821	4	130	1.5641025641025637	0.6153846153846154
ox.__24t4	0.739523	5	128	3.9921875000000004	0.921875
ox.620t12	0.691819	12	109	3.840561579093689	0.981651376146789
ox._22t53	0.356713	48	104	1.70575047735952	0.8557692307692307
ox.__57t8	0.186820	8	212	0.6226415094339623	0.22169811320754718
ox.__41t2	0.932199	4	127	4.629921259842518	0.9763779527559056
ox._307t6	0.655081	8	277	3.36333161423414	0.9675090252707581
ox.___437	0.363603	10	135	1.7344855967078174	0.674074074074074
ox.__66t1	0.857605	3	103	4.537216828478964	0.970873786407767
ox._553s2	0.844086	3	124	4.973118279569892	0.9758064516129032
ox.__85s2	0.694158	3	97	3.7903780068728543	0.845360824742268
ox.581s18	0.314114	19	95	1.3902123730378577	0.6736842105263158
ox.__92s2	0.795421	4	122	4.2923497267759565	0.9918032786885246
ox.__30t3	0.661713	5	246	3.686178861788619	0.8495934959349594
ox.104t17	0.407513	16	73	2.019977168949772	0.8082191780821918
ox.__92t3	0.520863	5	127	2.8141732283464562	0.889763779527559
ox._197t3	0.884430	4	414	4.487922705314011	0.9855072463768116
ox.___134	0.291088	7	125	1.2670476190476188	0.544
ox.12t109	0.585964	53	111	3.045234639574262	0.9459459459459459
ox.__93s4	0.439800	3	60	2.4888888888888885	0.7666666666666667
ox._200t2	0.569083	3	548	2.9288321167883202	0.8083941605839416
ox.620t11	0.496852	3	123	2.552845528455285	0.8048780487804879
ox._307s4	0.831636	5	275	4.225454545454545	0.9890909090909091
ox._676s4	0.937984	3	43	5.75968992248062	0.9767441860465116
ox.____22	0.269698	63	107	1.1127668432461923	0.5233644859813084
ox.588s25	0.923932	14	44	5.36138861138861	1.0
ox.12t113	0.556418	59	111	2.8707041348771343	0.9369369369369369
ox.__78t5	0.829027	3	152	4.300438596491227	0.9802631578947368
ox.___121	0.297911	4	191	1.233856893542757	0.5078534031413613
ox._22t47	0.300315	6	95	1.3866666666666672	0.5894736842105263
ox.____10	0.292431	16	164	1.2157012195121952	0.6524390243902439
ox._133t1	0.227036	3	424	0.8742138364779872	0.4669811320754717
ox.___587	0.643775	4	77	3.7813852813852815	0.8961038961038961
ox.136s32	0.199683	8	155	0.6953917050691244	0.3161290322580645
ox.__61s2	0.742565	4	171	4.1003898635477585	0.9532163742690059
ox.__19t1	0.411821	3	111	1.5915915915915908	0.6306306306306306
ox.581t17	0.216103	5	81	0.912345679012346	0.4074074074074074
ox.12s103	0.626997	19	123	3.251937431655019	0.8455284552845529
ox.____54	0.146488	3	89	0.29962546816479396	0.33707865168539325
ox._104s7	0.687215	4	73	4.152968036529681	0.9452054794520548
ox._22t50	0.736797	22	100	3.826623376623376	0.97
ox.____74	0.359219	6	416	1.6682692307692313	0.7163461538461539
ox.___676	0.643516	10	43	4.1757105943152455	0.9302325581395349
ox._137s3	0.761777	5	180	4.118333333333333	0.8833333333333333
ox.__82t6	0.313734	8	129	1.2799003322259133	0.6046511627906976
ox._12s64	0.783498	4	120	4.274999999999997	0.9333333333333333
ox.__75t2	0.386201	4	62	1.9005376344086025	0.5806451612903226
ox.___431	0.591894	5	64	3.0421875000000007	0.921875
ox._136s8	0.865248	4	141	4.456264775413713	0.9432624113475178
ox.___236	0.399195	3	145	1.983908045977012	0.7103448275862069
ox.___620	0.548668	15	116	2.9096880131362894	0.9482758620689655
ox.___8t2	0.794528	4	156	4.084401709401707	0.9615384615384616
ox._22t45	0.523180	13	106	2.8121673923560704	0.9245283018867925
ox.__78t9	0.315139	7	155	1.4559139784946233	0.7290322580645161
ox.____78	0.206521	13	166	0.671146122953352	0.24096385542168675
ox._22s36	0.778397	7	106	4.132524707996406	0.9811320754716981
ox.__10s3	0.760064	4	161	3.7919254658385095	0.9254658385093167
ox._22s41	0.567032	12	106	3.0398799313893656	0.9056603773584906
ox.12t116	0.487392	56	122	2.6193314881839473	0.819672131147541
ox.__52t1	0.605392	3	136	3.3406862745098036	0.8529411764705882
ox.__78t1	0.674541	3	127	3.559055118110236	0.889763779527559
ox.____93	0.302019	10	65	1.5777777777777768	0.6
ox.___388	0.683870	3	111	3.7267267267267274	0.9099099099099099
ox.___332	0.323011	3	137	1.5085158150851585	0.583941605839416
ox.___140	0.293630	14	178	1.2962094085689595	0.601123595505618
ox._134t2	0.568306	3	122	2.8278688524590163	0.7950819672131147
ox._12s49	0.744887	5	120	4.501666666666666	0.9416666666666667
ox.12s107	0.609955	50	111	3.201522338665196	0.9369369369369369
ox.12t118	0.171582	4	113	0.5530973451327431	0.30973451327433627
ox.___119	0.460295	3	225	1.8962962962962961	0.7555555555555555
ox._22s53	0.267228	3	96	0.9444444444444446	0.46875
ox.____62	0.359364	4	87	1.5114942528735629	0.7126436781609196
ox._341s4	0.683124	4	170	3.545098039215686	0.8647058823529412
ox._139s2	0.785826	3	108	4.052469135802469	0.9074074074074074
ox.___150	0.719138	4	321	3.920041536863969	0.9221183800623053
ox.___256	0.260590	4	323	1.1501547987616105	0.5170278637770898
ox.__66s5	0.271650	7	116	1.0779967159277506	0.5258620689655172
ox.581t13	0.463785	9	82	2.2134146341463414	0.8292682926829268
ox.___341	0.591873	7	168	3.030328798185942	0.9047619047619048
ox.__92t4	0.523557	6	126	2.8132275132275124	0.9126984126984127
ox.___394	0.558697	3	111	3.237237237237236	0.8468468468468469
ox._22s34	0.744108	4	99	4.262626262626262	0.8888888888888888
ox.__78t8	0.343524	4	140	1.6654761904761906	0.6571428571428571
ox.__19s1	0.376517	3	108	1.7901234567901236	0.6851851851851852
ox._249t2	0.440400	3	248	2.2123655913978486	0.7903225806451613
ox.___307	0.585109	9	280	2.9506944444444443	0.9464285714285714
ox._437s2	0.631043	3	131	3.3180661577608146	0.8244274809160306
ox._12s81	0.766528	4	107	3.998442367601247	0.9532710280373832
ox.___429	0.587205	12	58	3.245297805642633	0.9655172413793104
ox.581s15	0.346716	13	99	1.588060088060089	0.6767676767676768
ox._22s18	0.936119	5	106	4.949056603773587	0.9905660377358491
ox.__66s3	0.371382	3	112	1.8750000000000002	0.7589285714285714
ox.581s11	0.546890	6	108	2.716666666666667	0.7962962962962963
ox.__39t1	0.912266	3	182	4.633699633699635	0.9945054945054945
ox._12s77	0.725781	11	121	3.846130728775358	0.9173553719008265
ox.____34	0.353566	6	89	1.689138576779026	0.7191011235955056
ox.___471	0.703332	4	105	4.063492063492065	0.9619047619047619
ox.__82s2	0.581730	3	128	2.624999999999999	0.78125
ox._78s10	0.330653	6	177	1.3182674199623357	0.6271186440677966
ox._12s58	0.779279	4	111	4.043543543543544	0.9099099099099099
ox._12s45	0.888789	13	112	4.706043956043955	0.9910714285714286
ox.12t108	0.526092	38	121	2.8826634376873623	0.8842975206611571
ox.___127	0.446561	3	130	1.8282051282051288	0.7230769230769231
ox.____86	0.509041	13	106	2.3869134010643442	0.9056603773584906
ox.136s19	0.718445	5	141	3.7326241134751785	0.9361702127659575
ox.____84	0.771653	3	127	3.931758530183727	0.905511811023622
ox._12s59	0.782438	6	107	4.045482866043613	1.0
ox.__82s3	0.506242	3	122	2.3551912568306004	0.7295081967213115
ox.____76	0.581633	4	98	3.136054421768707	0.8469387755102041
ox.____19	0.287120	4	115	0.9144927536231886	0.48695652173913045
ox.____92	0.440715	7	125	2.3508571428571425	0.864
ox.___118	0.505006	4	67	2.7189054726368167	0.8507462686567164
ox.___226	0.876382	3	319	4.621734587251825	0.9623824451410659
ox.__93t7	0.324583	9	60	1.832407407407407	0.7
ox.___126	0.424126	3	269	1.6728624535315975	0.6728624535315985
ox.588t28	0.790823	29	45	4.497865353037765	1.0
ox._525t1	0.753488	3	136	3.950980392156863	0.9264705882352942
ox.__86s8	0.845118	3	99	4.387205387205387	0.9797979797979798
ox.__57s7	0.169210	5	246	0.5158536585365857	0.3008130081300813
ox.____24	0.311209	11	133	1.3978127136021867	0.7518796992481203
ox._132t1	0.464507	3	199	2.296482412060302	0.7487437185929648
ox.___123	0.145680	5	139	0.3654676258992805	0.19424460431654678
ox.__57t4	0.362897	4	198	1.8476430976430995	0.7272727272727273
ox.___139	0.344078	9	111	1.5733233233233233	0.7117117117117117
ox._351t1	0.485740	3	173	2.5510597302504814	0.8092485549132948
ox.___112	0.351714	3	135	2.0197530864197537	0.7481481481481481
ox._437s5	0.461975	6	135	2.3071604938271606	0.8
ox._676s5	0.937984	3	43	5.767441860465116	0.9767441860465116
ox.___160	0.512407	3	257	2.745784695201037	0.688715953307393
ox._12t82	0.941176	3	102	4.901960784313726	1.0
ox.____57	0.168644	11	227	0.48714457348818574	0.07929515418502203
ox.___490	0.330098	11	165	1.6150964187327816	0.7515151515151515
ox.__61t3	0.651556	5	171	3.5742690058479507	0.9064327485380117
ox.104s14	0.644749	6	73	3.347945205479452	0.8904109589041096
ox.___235	0.605054	3	180	3.2148148148148157	0.8611111111111112
ox.136t21	0.732284	11	152	3.8401913875598095	0.993421052631579
ox.___397	0.522154	3	96	2.819444444444444	0.8541666666666666
ox.__24t7	0.420813	4	106	2.0738993710691824	0.7547169811320755
ox._134t3	0.463012	3	123	2.4065040650406497	0.7398373983739838
ox.12s108	0.622033	26	121	3.3625937698664976	0.9008264462809917
ox._22s35	0.838322	18	99	4.37056842939196	1.0
ox.12t119	0.367222	119	119	1.7799171513071825	0.8823529411764706
ox.___248	0.563088	4	192	3.033854166666668	0.8697916666666666
ox._139t6	0.425336	7	109	2.138051550895587	0.7339449541284404
ox._491s6	0.462681	6	176	2.3844696969696972	0.8465909090909091
ox.____46	0.146513	3	87	0.39463601532567044	0.3793103448275862
ox.__85t3	0.621224	4	96	3.4184027777777772	0.9375
ox._10t11	0.304400	6	155	1.261935483870967	0.5935483870967742
ox.____43	0.392474	11	295	1.5775654853620948	0.6542372881355932
ox._12s71	0.732691	4	120	3.8805555555555555	0.9083333333333333
ox._490t7	0.445877	7	162	2.4312169312169325	0.8518518518518519
ox.___491	0.383727	9	179	1.8834574798261963	0.7374301675977654
ox.___354	0.435028	4	143	2.0058275058275066	0.7412587412587412
ox.___115	0.316365	4	159	1.3909853249475888	0.6352201257861635
ox.___502	0.542824	3	102	2.6535947712418295	0.8627450980392157
ox._130t3	0.381022	3	72	1.7268518518518516	0.6805555555555556
ox.___130	0.299165	6	84	1.4388888888888896	0.6190476190476191
ox._488s2	0.783626	3	114	4.453216374269006	0.8947368421052632
ox.__10t9	0.438949	4	149	2.1174496644295306	0.7651006711409396
ox._10s10	0.449993	9	160	2.218576388888889	0.86875
ox.__80t1	0.533988	3	232	3.020114942528738	0.8405172413793104
ox.___4t3	0.412977	5	92	2.0445652173913045	0.8260869565217391
ox._10t13	0.314353	15	159	1.3608265947888587	0.7421383647798742
ox.___370	0.456625	3	116	2.2586206896551726	0.7413793103448276
ox.12t110	0.634873	16	124	3.283669354838709	0.8387096774193549
ox.___498	0.467001	5	100	2.3200000000000007	0.86
ox.___525	0.486641	4	138	2.358695652173912	0.9130434782608695
ox._442s1	0.750599	3	106	4.273584905660378	0.9433962264150944
ox.__30t2	0.814642	3	214	4.700934579439251	0.9672897196261683
ox._414s2	0.657170	3	53	4.081761006289308	0.8490566037735849
ox.136s31	0.352457	27	153	1.5745302869485873	0.7712418300653595
ox._22s44	0.488836	3	96	2.326388888888889	0.7395833333333334
sabre.twi_049	0.139911	14	176	0.34103396603396613	0.0
sabre.twi_164	0.144271	8	139	0.3335046248715311	0.1079136690647482
sabre.twi_095	0.147734	3	246	0.3387533875338753	0.32113821138211385
sabre.sup_118	0.216571	9	82	0.7286585365853661	0.3048780487804878
sabre.sup_270	0.251059	3	120	0.8277777777777775	0.4583333333333333
sabre.sup_123	0.157317	5	215	0.3930232558139533	0.17674418604651163
sabre.sup_094	0.175792	3	189	0.5802469135802469	0.4603174603174603
sabre.sup_287	0.153941	4	160	0.4385416666666667	0.31875
sabre.sup_091	0.217525	3	294	0.8560090702947852	0.46598639455782315
sabre.sup_218	0.255945	7	187	1.10262286732875	0.47058823529411764
sabre.sup_314	0.197405	7	128	0.6313244047619047	0.3203125
sabre.twi_009	0.243593	3	44	1.325757575757576	0.4772727272727273
sabre.sup_420	0.141499	7	459	0.3660130718954247	0.10457516339869281
sabre.twi_160	0.175169	3	163	0.5010224948875255	0.3312883435582822
sabre.sup_161	0.153706	6	379	0.39999999999999963	0.18469656992084432
sabre.sup_045	0.176653	4	128	0.4440104166666667	0.2109375
sabre.sup_245	0.237847	12	76	1.1281897926634772	0.4868421052631579
sabre.sup_315	0.170954	3	246	0.45934959349593485	0.34959349593495936
sabre.sup_418	0.150568	3	232	0.4324712643678161	0.3275862068965517
sabre.sup_302	0.210923	4	248	0.6740591397849456	0.3629032258064516
sabre.sup_291	0.438955	4	186	2.289426523297491	0.7903225806451613
sabre.sup_311	0.169146	11	150	0.5233939393939394	0.14666666666666667
sabre.sup_194	0.183420	6	257	0.5821011673151752	0.24124513618677043
sabre.twi_204	0.134822	3	199	0.43718592964824105	0.36683417085427134
sabre.sup_367	0.269697	10	75	1.296592592592592	0.5066666666666667
sabre.twi_028	0.155688	3	124	0.5268817204301075	0.3870967741935484
sabre.sup_168	0.281378	3	368	1.3704710144927539	0.5869565217391305
sabre.sup_322	0.243147	4	276	0.9770531400966183	0.5144927536231884
sabre.sup_294	0.246013	5	147	0.9523809523809528	0.4557823129251701
sabre.sup_017	0.203955	3	67	0.656716417910448	0.44776119402985076
sabre.sup_192	0.239789	8	358	0.9270750199521148	0.45251396648044695
sabre.twi_203	0.193117	3	93	0.6666666666666665	0.3870967741935484
sabre.twi_051	0.146899	5	99	0.29797979797979796	0.1919191919191919
sabre.sup_101	0.201060	4	196	0.8920068027210888	0.4387755102040816
sabre.twi_118	0.133747	6	434	0.3192012288786485	0.1359447004608295
sabre.sup_358	0.179259	3	182	0.4285714285714289	0.34615384615384615
sabre.twi_112	0.153181	7	467	0.355460385438972	0.1349036402569593
sabre.twi_060	0.181741	8	105	0.5663265306122446	0.21904761904761905
sabre.sup_323	0.234809	3	362	0.8489871086556161	0.4889502762430939
sabre.twi_185	0.179084	3	79	0.9240506329113922	0.4430379746835443
sabre.sup_046	0.214718	5	128	0.7374999999999997	0.359375
sabre.sup_424	0.127173	3	174	0.3908045977011495	0.3448275862068966
sabre.twi_099	0.137597	3	154	0.3008658008658007	0.2987012987012987
sabre.sup_106	0.178394	7	171	0.661097187412977	0.2807017543859649
sabre.sup_375	0.397811	3	61	2.715846994535519	0.6721311475409836
sabre.sup_249	0.140174	3	194	0.39003436426116855	0.34536082474226804
sabre.sup_180	0.394434	3	157	2.0127388535031856	0.6942675159235668
sabre.twi_165	0.149907	3	105	0.6031746031746034	0.3904761904761905
sabre.sup_204	0.241576	4	234	0.9850427350427344	0.4658119658119658
sabre.sup_413	0.288204	3	267	1.5106117353308355	0.6067415730337079
sabre.sup_040	0.155688	3	124	0.5268817204301075	0.3870967741935484
sabre.twi_056	0.131551	5	344	0.3398255813953487	0.19767441860465115
sabre.twi_138	0.099095	3	121	0.12947658402203857	0.2396694214876033
sabre.twi_063	0.130435	9	173	0.260597302504817	0.057803468208092484
sabre.twi_137	0.146712	3	145	0.34942528735632195	0.36551724137931035
sabre.sup_043	0.310227	3	103	1.637540453074433	0.5048543689320388
sabre.twi_148	0.126942	4	116	0.3663793103448279	0.25
sabre.sup_208	0.208281	3	298	0.7382550335570471	0.4597315436241611
sabre.twi_171	0.142075	5	353	0.3552407932011331	0.1813031161473088
sabre.sup_215	0.172952	25	464	0.47137212643678195	0.0021551724137931034
sabre.sup_240	0.165792	3	114	0.47076023391812866	0.37719298245614036
sabre.sup_130	0.165957	9	161	0.5241545893719806	0.14285714285714285
sabre.twi_123	0.165792	3	114	0.47076023391812866	0.37719298245614036
sabre.sup_150	0.402677	3	158	2.042194092827004	0.7025316455696202
sabre.sup_146	0.156981	4	363	0.3471074380165287	0.27823691460055094
sabre.twi_126	0.101855	4	206	0.10841423948220064	0.17475728155339806
sabre.twi_054	0.169678	3	155	0.6193548387096772	0.3741935483870968
sabre.sup_097	0.124959	5	269	0.22825278810408933	0.1412639405204461
sabre.sup_220	0.290985	3	319	1.265412748171369	0.5799373040752351
sabre.sup_134	0.329615	3	179	1.5232774674115461	0.6256983240223464
sabre.sup_349	0.193159	5	357	0.6941176470588237	0.33053221288515405
sabre.sup_058	0.179393	8	225	0.6019047619047615	0.28
sabre.sup_164	0.172185	3	314	0.6273885350318472	0.4426751592356688
sabre.twi_087	0.141063	4	292	0.3407534246575345	0.2363013698630137
sabre.twi_086	0.125628	5	330	0.3093939393939394	0.1606060606060606
sabre.sup_275	0.201319	7	93	0.7419354838709674	0.27956989247311825
sabre.sup_195	0.261612	3	160	1.2041666666666664	0.5375
sabre.twi_053	0.109029	4	256	0.24283854166666666	0.22265625
sabre.twi_128	0.136290	4	194	0.34364261168384874	0.26804123711340205
sabre.twi_168	0.178117	3	131	0.6946564885496185	0.40458015267175573
sabre.sup_368	0.290380	13	62	1.454714640198511	0.5483870967741935
sabre.sup_277	0.220709	4	146	0.7031963470319635	0.3835616438356164
sabre.sup_370	0.133202	3	100	0.3133333333333334	0.34
sabre.twi_158	0.153547	4	145	0.34597701149425264	0.2620689655172414
sabre.sup_406	0.242928	3	115	1.0898550724637681	0.4956521739130435
sabre.sup_055	0.203298	3	226	0.8495575221238937	0.46017699115044247
sabre.sup_212	0.172867	11	252	0.5106060606060605	0.1111111111111111
sabre.sup_084	0.248957	4	164	1.0294715447154468	0.5
sabre.sup_333	0.192052	13	354	0.7632913226133564	0.288135593220339
sabre.twi_034	0.177266	3	116	0.33333333333333337	0.3706896551724138
sabre.twi_135	0.170658	9	170	0.47614379084967334	0.12352941176470589
sabre.sup_304	0.190362	3	155	0.5849462365591394	0.38064516129032255
sabre.sup_372	0.369565	3	46	2.2971014492753623	0.6086956521739131
sabre.twi_144	0.101413	4	189	0.27689594356261016	0.18518518518518517
sabre.sup_196	0.169201	11	267	0.583929179434797	0.13857677902621723
sabre.sup_330	0.219399	3	128	0.8932291666666665	0.484375
sabre.sup_290	0.140803	4	162	0.44032921810699577	0.2777777777777778
sabre.sup_337	0.186427	7	277	0.664088017878632	0.2996389891696751
sabre.twi_037	0.140413	3	130	0.24358974358974364	0.3076923076923077
sabre.sup_316	0.179965	5	170	0.6305882352941176	0.3588235294117647
sabre.twi_043	0.127726	3	144	0.27314814814814814	0.3125
sabre.sup_271	0.173983	6	114	0.5766081871345029	0.2719298245614035
sabre.twi_114	0.143227	19	344	0.33751529987760087	0.0
sabre.sup_313	0.149325	4	202	0.46947194719471946	0.297029702970297
sabre.sup_188	0.209366	5	241	0.7331950207468879	0.3941908713692946
sabre.sup_207	0.134306	4	165	0.32929292929292925	0.26666666666666666
sabre.twi_038	0.139968	5	221	0.3542986425339366	0.20361990950226244
sabre.twi_170	0.162619	4	291	0.487972508591065	0.281786941580756
sabre.sup_096	0.132984	3	181	0.2651933701657459	0.30939226519337015
sabre.sup_111	0.259072	3	110	1.0696969696969696	0.5363636363636364
sabre.sup_003	0.210570	5	97	0.8948453608247425	0.41237113402061853
sabre.sup_085	0.180910	4	144	0.5243055555555554	0.3125
sabre.twi_193	0.228768	3	57	1.1111111111111112	0.3684210526315789
sabre.sup_214	0.141009	25	329	0.3643667679837893	0.0
sabre.sup_346	0.243538	13	315	0.8687016687016691	0.37142857142857144
sabre.sup_154	0.171006	12	267	0.4750879582340255	0.08239700374531835
sabre.sup_423	0.199772	4	68	0.5980392156862744	0.3235294117647059
sabre.sup_179	0.138609	3	295	0.24067796610169495	0.2983050847457627
sabre.sup_049	0.298503	6	328	1.336382113821139	0.6432926829268293
sabre.twi_190	0.236434	4	48	1.1562500000000002	0.4166666666666667
sabre.sup_354	0.267251	3	264	1.2500000000000002	0.571969696969697
sabre.sup_319	0.172836	8	224	0.574298469387755	0.19196428571428573
sabre.sup_148	0.219052	8	103	0.7905686546463244	0.33980582524271846
sabre.sup_312	0.288443	3	137	1.3479318734793195	0.5693430656934306
sabre.sup_364	0.142271	4	48	0.34722222222222215	0.22916666666666666
sabre.sup_327	0.247846	3	152	0.9671052631578947	0.5131578947368421
sabre.sup_174	0.323367	6	160	1.528333333333334	0.6625
sabre.sup_335	0.221683	4	129	0.9043927648578812	0.4108527131782946
sabre.sup_259	0.160352	8	119	0.5000000000000001	0.226890756302521
sabre.sup_155	0.197745	5	399	0.6834586466165414	0.37593984962406013
sabre.twi_140	0.159532	4	98	0.49489795918367346	0.30612244897959184
sabre.sup_142	0.460305	3	116	2.3218390804597706	0.7068965517241379
sabre.sup_127	0.270769	3	84	1.099206349206349	0.6071428571428571
sabre.sup_307	0.176425	4	155	0.6419354838709673	0.33548387096774196
sabre.sup_295	0.177234	4	183	0.6593806921675772	0.3333333333333333
sabre.sup_213	0.199061	6	222	0.7042042042042043	0.32882882882882886
sabre.twi_083	0.158635	7	159	0.41719077568134166	0.12578616352201258
sabre.sup_228	0.189128	3	738	0.6427280939476062	0.4363143631436314
sabre.sup_137	0.175341	4	354	0.6355932203389827	0.423728813559322
sabre.sup_172	0.161862	7	290	0.44351395730706095	0.17586206896551723
sabre.sup_059	0.372752	4	283	1.8798586572438174	0.6996466431095406
sabre.sup_292	0.317243	3	144	1.6458333333333335	0.5416666666666666
sabre.sup_407	0.159578	8	331	0.46590418644799286	0.1540785498489426
sabre.twi_100	0.141668	6	256	0.3580729166666669	0.171875
sabre.sup_235	0.147497	7	446	0.42035020286141356	0.13452914798206278
sabre.sup_110	0.124268	6	122	0.2803278688524589	0.07377049180327869
sabre.sup_211	0.229848	6	279	0.8645161290322574	0.3906810035842294
sabre.sup_231	0.443812	3	421	2.2517814726840872	0.7743467933491687
sabre.twi_195	0.188298	3	45	0.8518518518518517	0.37777777777777777
sabre.sup_391	0.169178	11	91	0.7146853146853144	0.31868131868131866
sabre.twi_182	0.208096	4	64	0.8932291666666666	0.453125
sabre.twi_155	0.132401	6	179	0.2830540037243949	0.11731843575418995
sabre.sup_002	0.200022	4	171	0.7602339181286548	0.42105263157894735
sabre.sup_065	0.196585	9	452	0.6365535889872175	0.24778761061946902
sabre.sup_163	0.163001	3	361	0.590027700831025	0.38227146814404434
sabre.sup_297	0.177541	6	117	0.588034188034188	0.3076923076923077
sabre.twi_133	0.118433	7	157	0.28510767364270556	0.08280254777070063
sabre.twi_102	0.167720	3	201	0.4344941956882255	0.36318407960199006
sabre.twi_177	0.163744	6	250	0.45200000000000007	0.184
sabre.sup_401	0.269555	4	95	1.1070175438596492	0.5263157894736842
sabre.sup_209	0.193192	8	351	0.6323768823768824	0.27350427350427353
sabre.sup_125	0.156948	5	212	0.40801886792452824	0.22641509433962265
sabre.sup_199	0.203587	6	173	0.6793834296724474	0.32947976878612717
sabre.twi_184	0.133202	3	100	0.3133333333333334	0.34
sabre.sup_341	0.166681	8	232	0.4522783251231528	0.1724137931034483
sabre.sup_092	0.151393	25	195	0.39794871794871783	0.0
sabre.sup_262	0.276619	9	160	1.327083333333334	0.5375
sabre.sup_025	0.204640	5	184	0.5956521739130435	0.3641304347826087
sabre.sup_063	0.142819	5	369	0.40569105691056956	0.2032520325203252
sabre.sup_409	0.190332	4	207	0.7318840579710146	0.3671497584541063
sabre.twi_069	0.144842	9	191	0.4361547411285635	0.1099476439790576
sabre.sup_236	0.157081	10	369	0.3957844022884672	0.06504065040650407
sabre.twi_191	0.211228	3	80	0.8250000000000004	0.425
sabre.sup_301	0.136372	4	179	0.28864059590316576	0.2346368715083799
sabre.twi_161	0.159333	6	227	0.5007342143906021	0.21145374449339208
sabre.sup_080	0.168328	3	120	0.3833333333333335	0.3416666666666667
sabre.sup_036	0.208467	7	127	0.7457817772778401	0.3464566929133858
sabre.sup_415	0.341798	3	323	1.7678018575851389	0.6191950464396285
sabre.sup_190	0.160698	17	261	0.3777608744647283	0.011494252873563218
sabre.sup_263	0.183698	3	164	0.5670731707317073	0.40853658536585363
sabre.sup_318	0.279532	3	96	1.40625	0.5416666666666666
sabre.twi_200	0.159781	4	222	0.4226726726726727	0.30180180180180183
sabre.sup_162	0.173566	3	435	0.5578544061302678	0.37471264367816093
sabre.twi_088	0.141721	3	109	0.29357798165137605	0.30275229357798167
sabre.sup_113	0.213932	10	80	0.7688888888888887	0.3375
sabre.sup_351	0.221020	3	358	0.939478584729981	0.4972067039106145
sabre.twi_030	0.187691	4	104	0.658653846153846	0.3557692307692308
sabre.sup_256	0.256726	8	116	1.1237684729064035	0.5172413793103449
sabre.sup_317	0.258746	4	306	1.1497821350762518	0.5359477124183006
sabre.twi_121	0.147395	7	224	0.32568027210884376	0.09821428571428571
sabre.sup_403	0.227374	3	75	0.8311111111111111	0.5333333333333333
sabre.sup_398	0.217713	3	54	0.8827160493827158	0.42592592592592593
sabre.sup_182	0.196525	14	164	0.6896274457250066	0.2073170731707317
sabre.sup_379	0.269138	5	73	1.526027397260274	0.6164383561643836
sabre.sup_299	0.215394	12	132	0.8147382920110192	0.3333333333333333
sabre.sup_381	0.275600	6	48	1.3958333333333337	0.5833333333333334
sabre.sup_340	0.306729	8	264	1.367694805194806	0.6628787878787878
sabre.sup_131	0.140193	19	139	0.3361100593209645	0.007194244604316547
sabre.sup_386	0.188298	3	45	0.8518518518518517	0.37777777777777777
sabre.twi_091	0.177185	4	159	0.5754716981132072	0.37735849056603776
sabre.twi_197	0.153034	6	89	0.47715355805243426	0.2696629213483146
sabre.sup_064	0.312975	6	418	1.4049441786283892	0.6913875598086124
sabre.twi_166	0.141710	7	301	0.30390760955545	0.10299003322259136
sabre.sup_425	0.150989	3	167	0.4730538922155687	0.3532934131736527
sabre.sup_167	0.195421	21	148	0.6074646074646075	0.14189189189189189
sabre.sup_103	0.121085	3	133	0.4761904761904764	0.3157894736842105
sabre.twi_022	0.222836	4	84	0.8571428571428571	0.4523809523809524
sabre.twi_059	0.136933	3	104	0.4487179487179488	0.33653846153846156
sabre.sup_289	0.112233	4	162	0.22736625514403286	0.16666666666666666
sabre.sup_345	0.284355	3	388	1.2362542955326459	0.5695876288659794
sabre.sup_272	0.228208	3	149	1.038031319910515	0.5436241610738255
sabre.sup_229	0.248157	6	521	0.960204734484965	0.45489443378119004
sabre.sup_202	0.220206	8	121	0.7975206611570251	0.371900826446281
sabre.sup_417	0.286871	3	83	1.1967871485943775	0.4578313253012048
sabre.sup_082	0.217839	4	118	0.7415254237288135	0.4491525423728814
sabre.sup_156	0.225174	5	366	0.8672131147540991	0.4371584699453552
sabre.sup_393	0.238184	4	60	1.186111111111111	0.5833333333333334
sabre.sup_296	0.222469	3	123	0.7804878048780488	0.4634146341463415
sabre.twi_067	0.132346	6	158	0.2957805907172994	0.12025316455696203
sabre.twi_116	0.177071	3	391	0.5745950554134694	0.3836317135549872
sabre.sup_081	0.196647	7	114	0.5960735171261484	0.2543859649122807
sabre.sup_233	0.467744	3	330	2.323232323232325	0.6878787878787879
sabre.sup_009	0.230613	3	121	0.9090909090909085	0.4462809917355372
sabre.sup_013	0.249979	7	105	0.9210884353741496	0.4095238095238095
sabre.sup_139	0.254428	5	48	1.3041666666666667	0.4791666666666667
sabre.sup_115	0.167816	4	183	0.574681238615665	0.34972677595628415
sabre.sup_178	0.165541	4	179	0.5167597765363127	0.329608938547486
sabre.sup_328	0.149663	10	139	0.35875299760191837	0.04316546762589928
sabre.sup_152	0.237267	5	154	0.8571428571428571	0.4675324675324675
sabre.sup_332	0.162430	10	289	0.4405228758169937	0.09688581314878893
sabre.sup_032	0.248167	4	135	1.2308641975308645	0.4740740740740741
sabre.twi_136	0.138525	5	177	0.2666666666666668	0.1807909604519774
sabre.sup_104	0.193939	4	147	0.7006802721088436	0.3945578231292517
sabre.sup_062	0.162777	5	395	0.452405063291139	0.24556962025316456
sabre.sup_044	0.153895	5	88	0.49886363636363634	0.2727272727272727
sabre.sup_054	0.140413	3	130	0.24358974358974364	0.3076923076923077
sabre.sup_129	0.241628	4	202	0.9488448844884492	0.44554455445544555
sabre.twi_113	0.156516	6	291	0.40481099656357356	0.18213058419243985
sabre.sup_244	0.273369	3	139	1.292565947242207	0.5611510791366906
sabre.twi_011	0.187791	3	96	0.8229166666666666	0.4583333333333333
sabre.sup_264	0.174860	14	145	0.5394467601364153	0.1103448275862069
sabre.sup_300	0.192236	3	118	0.43785310734463273	0.4067796610169492
sabre.sup_121	0.206984	7	216	0.7021604938271603	0.32407407407407407
sabre.sup_057	0.189009	9	411	0.6211814003784806	0.2360097323600973
sabre.sup_399	0.309491	3	96	1.440972222222223	0.5416666666666666
sabre.sup_387	0.324812	3	37	1.5585585585585586	0.43243243243243246
sabre.sup_170	0.152376	5	367	0.44550408719346035	0.2098092643051771
sabre.sup_243	0.101855	4	206	0.10841423948220064	0.17475728155339806
sabre.sup_396	0.157223	17	174	0.4041159567275186	0.011494252873563218
sabre.sup_177	0.196171	11	207	0.6765041721563463	0.24154589371980675
sabre.twi_115	0.152095	6	171	0.3637426900584795	0.14619883040935672
sabre.twi_096	0.136907	8	308	0.30020871985157704	0.07792207792207792
sabre.twi_109	0.146856	5	259	0.3845559845559848	0.2084942084942085
sabre.sup_230	0.156003	7	173	0.456372144233416	0.12716763005780346
sabre.sup_254	0.182453	19	116	0.6558782012502519	0.1896551724137931
sabre.sup_356	0.174235	4	206	0.5614886731391588	0.3155339805825243
sabre.twi_186	0.190807	3	64	0.7447916666666667	0.453125
sabre.sup_184	0.148834	9	237	0.3253633380215656	0.04219409282700422
sabre.twi_188	0.200193	8	71	0.8194164989939637	0.39436619718309857
sabre.sup_187	0.154334	12	223	0.3758662861801874	0.04484304932735426
sabre.sup_173	0.159501	4	110	0.49090909090909096	0.3090909090909091
sabre.sup_222	0.313961	3	509	1.3844138834315642	0.5913555992141454
sabre.sup_024	0.397758	3	159	1.9979035639412996	0.6540880503144654
sabre.sup_050	0.274737	3	138	1.0652173913043474	0.5217391304347826
sabre.sup_086	0.203263	6	103	0.5844660194174758	0.2815533980582524
sabre.sup_005	0.326393	8	94	1.5592705167173253	0.7021276595744681
sabre.sup_239	0.153381	4	175	0.47142857142857136	0.29714285714285715
sabre.sup_034	0.237823	7	85	0.9899159663865548	0.4470588235294118
sabre.sup_382	0.274184	5	78	1.376923076923077	0.5897435897435898
sabre.sup_405	0.217503	3	246	0.6544715447154474	0.44308943089430897
sabre.sup_223	0.197568	4	585	0.5786324786324782	0.3418803418803419
sabre.sup_320	0.259133	5	220	1.2845454545454544	0.6136363636363636
sabre.twi_107	0.130609	8	318	0.2944743935309972	0.07861635220125786
sabre.sup_306	0.364242	4	87	1.7873563218390804	0.6781609195402298
sabre.sup_031	0.208749	3	90	0.8259259259259257	0.4777777777777778
sabre.sup_221	0.186150	3	265	0.5861635220125784	0.38113207547169814
sabre.twi_066	0.147652	11	240	0.3761363636363638	0.05
sabre.sup_038	0.184835	22	147	0.5470153429337102	0.10884353741496598
sabre.sup_338	0.140951	6	342	0.3920077972709554	0.2046783625730994
sabre.sup_126	0.262089	25	260	1.1270641025641026	0.5269230769230769
sabre.twi_209	0.117949	3	82	0.11788617886178861	0.2073170731707317
sabre.twi_111	0.131561	13	332	0.32136237256719186	0.018072289156626505
sabre.sup_342	0.254284	7	152	1.0275689223057642	0.4342105263157895
sabre.sup_410	0.136194	3	235	0.5602836879432624	0.37872340425531914
sabre.sup_416	0.296702	5	133	1.2458646616541353	0.5037593984962406
sabre.sup_117	0.270252	3	249	1.0763052208835342	0.4819277108433735
sabre.sup_041	0.187691	4	104	0.658653846153846	0.3557692307692308
sabre.sup_151	0.428673	3	130	2.2692307692307687	0.676923076923077
sabre.sup_075	0.301145	4	490	1.2925170068027207	0.6204081632653061
sabre.sup_355	0.249295	3	260	1.1794871794871797	0.5076923076923077
sabre.sup_201	0.138723	3	198	0.24915824915824922	0.31313131313131315
sabre.sup_260	0.147838	10	159	0.35974842767295584	0.0440251572327044
sabre.sup_090	0.322307	4	112	1.7529761904761902	0.6964285714285714
sabre.twi_199	0.211874	3	61	0.9781420765027324	0.47540983606557374
sabre.sup_136	0.174850	8	477	0.5413297394429473	0.18029350104821804
sabre.sup_175	0.185095	5	248	0.563306451612903	0.25806451612903225
sabre.sup_324	0.222889	6	108	0.6327160493827161	0.3611111111111111
sabre.twi_172	0.202656	3	177	0.544256120527307	0.4067796610169492
sabre.sup_267	0.138525	5	177	0.2666666666666668	0.1807909604519774
sabre.sup_227	0.145735	3	549	0.41955069823922225	0.3460837887067395
sabre.sup_107	0.098822	3	79	0.14767932489451469	0.22784810126582278
sabre.twi_027	0.146623	3	87	0.32950191570881227	0.26436781609195403
sabre.sup_140	0.300090	3	267	1.491885143570537	0.5880149812734082
sabre.sup_124	0.279418	3	112	1.199404761904762	0.5892857142857143
sabre.twi_057	0.140753	3	198	0.4882154882154883	0.3383838383838384
sabre.twi_041	0.143481	3	287	0.3658536585365854	0.30662020905923343
sabre.sup_093	0.263656	5	147	1.1721088435374147	0.4897959183673469
sabre.sup_331	0.163702	4	101	0.6551155115511552	0.38613861386138615
sabre.sup_395	0.283048	5	127	1.4795275590551182	0.49606299212598426
sabre.sup_383	0.207252	19	38	0.855647891658972	0.39473684210526316
sabre.sup_280	0.121396	3	115	0.20289855072463772	0.2782608695652174
sabre.twi_167	0.159070	5	250	0.3176	0.212
sabre.twi_153	0.194535	3	111	0.7627627627627628	0.40540540540540543
sabre.sup_310	0.138150	12	222	0.3492355992355993	0.04054054054054054
sabre.twi_068	0.138934	11	135	0.30262626262626263	0.037037037037037035
sabre.twi_143	0.116529	3	178	0.3033707865168541	0.25842696629213485
sabre.sup_039	0.252884	4	70	0.9857142857142858	0.5
sabre.sup_016	0.207898	5	170	0.8158823529411763	0.3941176470588235
sabre.sup_158	0.147882	8	412	0.3872226074895974	0.11165048543689321
sabre.sup_273	0.380135	10	118	2.0129943502824865	0.7033898305084746
sabre.sup_132	0.352707	3	102	1.7549019607843135	0.6078431372549019
sabre.twi_156	0.147391	5	358	0.35	0.18994413407821228
sabre.sup_119	0.288838	6	150	1.2626666666666666	0.64
sabre.twi_098	0.158352	4	260	0.4435897435897436	0.27692307692307694
sabre.sup_073	0.175857	3	279	0.6236559139784945	0.3942652329749104
sabre.sup_021	0.236283	7	89	1.0995184590690206	0.5393258426966292
sabre.sup_339	0.264406	12	179	1.0695784662265104	0.44692737430167595
sabre.sup_225	0.187150	4	138	0.6123188405797102	0.34057971014492755
sabre.twi_162	0.123976	3	336	0.26488095238095244	0.3005952380952381
sabre.sup_051	0.175848	3	162	0.6954732510288065	0.4444444444444444
sabre.sup_067	0.143481	3	287	0.3658536585365854	0.30662020905923343
sabre.sup_232	0.113713	3	673	0.312035661218425	0.2659732540861813
sabre.sup_056	0.203255	5	171	0.7690058479532164	0.4093567251461988
sabre.twi_154	0.133711	4	133	0.3383458646616542	0.24812030075187969
sabre.sup_185	0.258170	4	210	1.0206349206349208	0.49047619047619045
sabre.sup_400	0.170611	4	119	0.6316526610644259	0.3949579831932773
sabre.sup_200	0.316694	3	134	1.3980099502487557	0.5298507462686567
sabre.sup_122	0.155052	3	138	0.49758454106280187	0.34057971014492755
sabre.sup_258	0.214981	5	115	0.8313043478260873	0.391304347826087
sabre.sup_371	0.353135	9	47	2.0236406619385345	0.7659574468085106
sabre.sup_334	0.164871	8	244	0.4213992974238877	0.13524590163934427
sabre.sup_293	0.253109	3	84	0.9523809523809523	0.5238095238095238
sabre.sup_197	0.211769	3	159	0.6708595387840672	0.42138364779874216
sabre.sup_098	0.133929	3	150	0.37111111111111134	0.31333333333333335
sabre.sup_402	0.156360	4	156	0.41132478632478653	0.2948717948717949
sabre.sup_030	0.208376	3	84	0.8293650793650796	0.4642857142857143
sabre.sup_281	0.189473	4	115	0.6405797101449274	0.3217391304347826
sabre.sup_019	0.234795	3	118	1.0367231638418084	0.5
sabre.sup_421	0.226314	3	449	0.8886414253897541	0.46993318485523383
sabre.sup_108	0.224794	22	80	1.0250000000000004	0.4875
sabre.sup_008	0.399451	3	89	1.9101123595505625	0.651685393258427
sabre.sup_135	0.330467	4	200	1.693333333333333	0.68
sabre.sup_309	0.162175	8	348	0.44252873563218365	0.13218390804597702
sabre.sup_072	0.216515	8	263	0.805268875611081	0.39923954372623577
sabre.sup_153	0.274628	3	256	1.186197916666666	0.58203125
sabre.sup_224	0.201101	10	179	0.6347610180012415	0.18435754189944134
sabre.sup_176	0.225376	11	143	0.8369993642720918	0.38461538461538464
sabre.twi_103	0.138723	3	198	0.24915824915824922	0.31313131313131315
sabre.sup_147	0.207933	7	153	0.8107687519452227	0.35294117647058826
sabre.twi_070	0.146672	6	127	0.35695538057742776	0.1732283464566929
sabre.sup_120	0.248015	8	140	1.046938775510204	0.5357142857142857
sabre.sup_284	0.192547	3	99	0.622895622895623	0.3939393939393939
sabre.sup_252	0.163389	5	109	0.4550458715596329	0.24770642201834864
sabre.sup_102	0.197565	5	161	0.7409937888198757	0.36024844720496896
sabre.sup_141	0.199393	3	236	0.727401129943503	0.4576271186440678
sabre.twi_094	0.139353	8	244	0.3242096018735362	0.0778688524590164
sabre.twi_026	0.161783	10	155	0.4513261648745519	0.12903225806451613
sabre.twi_089	0.163542	4	243	0.4176954732510289	0.29218106995884774
sabre.sup_308	0.132401	6	179	0.2830540037243949	0.11731843575418995
sabre.sup_412	0.146084	5	183	0.40273224043715855	0.1912568306010929
sabre.sup_089	0.166133	7	230	0.4954451345755696	0.19130434782608696
sabre.sup_083	0.405100	4	114	1.969298245614036	0.6666666666666666
sabre.sup_347	0.372241	5	537	1.8270018621973934	0.6741154562383612
sabre.twi_174	0.162683	3	160	0.4520833333333332	0.35625
sabre.twi_119	0.143693	6	402	0.3092868988391378	0.12189054726368159
sabre.sup_216	0.162228	8	296	0.43315637065637086	0.14189189189189189
sabre.twi_157	0.130581	10	217	0.29933435739887365	0.055299539170506916
sabre.sup_282	0.441741	4	147	2.3106575963718816	0.7619047619047619
sabre.sup_286	0.163115	3	108	0.5123456790123457	0.3611111111111111
sabre.sup_373	0.264109	12	85	1.4121212121212126	0.5647058823529412
sabre.twi_065	0.134108	3	184	0.2826086956521739	0.29891304347826086
sabre.sup_329	0.231905	3	679	0.8109965635738839	0.4801178203240059
sabre.twi_150	0.147830	6	133	0.3859649122807016	0.21804511278195488
sabre.sup_234	0.221387	4	365	0.983105022831051	0.4986301369863014
sabre.twi_181	0.212751	4	86	0.7596899224806203	0.3372093023255814
sabre.sup_018	0.275736	4	42	1.559523809523809	0.5714285714285714
sabre.sup_266	0.169593	11	170	0.48053475935828893	0.10588235294117647
sabre.twi_173	0.143927	5	237	0.2843881856540086	0.20675105485232068
sabre.sup_248	0.156357	3	161	0.42028985507246386	0.3105590062111801
sabre.sup_181	0.172495	9	235	0.5126477541371156	0.1574468085106383
sabre.sup_112	0.204323	16	110	0.7364393939393942	0.2909090909090909
sabre.sup_269	0.267998	4	153	0.9520697167755993	0.477124183006536
sabre.twi_192	0.184477	15	40	0.7228571428571429	0.275
sabre.twi_151	0.136372	4	179	0.28864059590316576	0.2346368715083799
sabre.sup_128	0.161122	11	309	0.5457487496322444	0.11650485436893204
sabre.twi_110	0.184272	3	239	0.5927475592747558	0.3723849372384937
sabre.sup_360	0.313470	4	42	1.9166666666666663	0.5714285714285714
sabre.sup_255	0.147772	3	138	0.37681159420289834	0.35507246376811596
sabre.twi_029	0.127811	3	154	0.33333333333333337	0.2532467532467532
sabre.sup_193	0.239607	3	373	0.874888293118856	0.450402144772118
sabre.sup_288	0.234334	3	242	0.8250688705234158	0.45867768595041325
sabre.sup_285	0.257785	9	75	1.1966666666666665	0.4
sabre.twi_075	0.140353	3	227	0.19383259911894274	0.28193832599118945
sabre.sup_422	0.121067	3	193	0.3471502590673576	0.29533678756476683
sabre.sup_238	0.181477	18	220	0.5055555555555558	0.03636363636363636
sabre.sup_189	0.157946	4	245	0.4612244897959186	0.3183673469387755
sabre.sup_325	0.238688	3	139	1.0599520383693046	0.5899280575539568
sabre.sup_278	0.164818	14	142	0.6402259712118865	0.19718309859154928
sabre.sup_253	0.208895	3	80	0.6708333333333333	0.4125
sabre.sup_348	0.286718	5	258	1.2120155038759692	0.562015503875969
sabre.sup_226	0.193683	5	378	0.6349206349206347	0.3544973544973545
sabre.sup_326	0.162152	5	231	0.4238095238095237	0.23376623376623376
sabre.sup_160	0.197011	8	290	0.6236453201970447	0.24482758620689654
sabre.sup_109	0.111645	5	181	0.36353591160220994	0.1712707182320442
sabre.sup_219	0.183105	3	357	0.5508870214752566	0.43137254901960786
sabre.sup_344	0.340428	3	257	1.8521400778210109	0.6731517509727627
sabre.sup_268	0.330834	3	67	1.4676616915422882	0.6567164179104478
sabre.sup_165	0.156776	4	602	0.4366002214839427	0.29401993355481726
sabre.sup_397	0.183308	12	235	0.5833010960670535	0.1276595744680851
sabre.sup_265	0.217328	7	83	0.8318990246701089	0.3132530120481928
sabre.twi_061	0.149932	5	80	0.3675	0.225
sabre.twi_050	0.139004	3	116	0.22413793103448273	0.28448275862068967
sabre.sup_352	0.175852	7	252	0.5039682539682542	0.19444444444444445
