bali3.BB30009	0.228198	38	209	0.917503	0.260223
bali3.BB40047	0.190784	54	807	0.636382	0.001481
bali3.BB40040	0.258335	30	561	0.781949	0.088953
bali3.BBS30002	0.263047	31	537	1.152715	0.375580
bali3.BBS50011	0.219187	36	476	0.720311	0.107872
bali3.BBS12012	0.270628	4	337	1.131358	0.501408
bali3.BB12036	0.318817	7	224	1.584785	0.606838
bali3.BBS20005	0.371605	42	358	1.686875	0.545455
bali3.BB30016	0.170823	37	393	0.686152	0.005631
bali3.BBS12035	0.318069	27	222	1.430449	0.511905
bali3.BBS50002	0.180166	13	266	0.631976	0.094086
bali3.BBS50001	0.240639	34	569	0.978646	0.272230
bali3.BBS12004	0.320070	15	256	1.406664	0.498316
bali3.BB20041	0.231176	48	901	0.899045	0.183406
bali3.BB20030	0.467465	47	121	2.428025	0.779762
bali3.BB20011	0.232249	21	239	0.781542	0.084356
bali3.BBS12013	0.329361	8	706	1.433533	0.591892
bali3.BBS30019	0.268299	34	250	1.098318	0.447099
bali3.BB20007	0.259837	23	437	0.995250	0.412429
bali3.BB20018	0.363547	53	333	1.764618	0.737500
bali3.BB20015	0.291138	37	229	1.261930	0.493377
bali3.BB40019	0.277557	10	814	0.970132	0.158836
bali3.BB50004	0.364434	9	465	1.770177	0.758879
bali3.BB30030	0.195880	62	616	0.742454	0.064029
bali3.BB11008	0.100950	4	447	0.278420	0.158645
bali3.BB40037	0.152638	46	340	0.541775	0.012012
bali3.BB40033	0.211778	19	591	0.841969	0.250639
bali3.BB12003	0.290075	8	80	1.592493	0.577778
bali3.BBS11012	0.223793	4	349	0.872615	0.417582
bali3.BB11015	0.204832	4	331	0.651057	0.350575
bali3.BBS30025	0.231540	74	98	0.862433	0.194245
bali3.BBS12043	0.325663	34	242	1.452683	0.607914
bali3.BBS11017	0.187094	4	274	0.707599	0.323625
bali3.BB30010	0.399875	50	704	1.845956	0.432879
bali3.BBS11010	0.186101	4	207	0.533816	0.306122
bali3.BB40014	0.244162	9	541	1.065737	0.368876
bali3.BB11023	0.164701	7	364	0.445026	0.132251
bali3.BB12014	0.202204	9	129	0.710612	0.093023
bali3.BBS12040	0.264232	5	132	1.113379	0.481752
bali3.BB11034	0.171521	8	581	0.528378	0.133498
bali3.BB40009	0.196893	19	596	0.633313	0.086918
bali3.BB12013	0.313493	8	748	1.367745	0.563817
bali3.BB11032	0.159438	8	356	0.530854	0.107071
bali3.BB50016	0.148423	18	798	0.531842	0.006149
bali3.BBS12025	0.274711	4	128	1.117723	0.471014
bali3.BB40003	0.294217	12	619	1.347380	0.330798
bali3.BB50013	0.345770	18	311	1.594820	0.715116
bali3.BBS50010	0.266146	17	296	1.033483	0.383812
bali3.BBS20011	0.335867	21	101	1.620127	0.612613
bali3.BBS12022	0.373466	5	84	1.891927	0.556818
bali3.BB30027	0.247184	20	125	1.070636	0.280952
bali3.BB30029	0.296471	98	570	1.212986	0.285055
bali3.BBS20036	0.385962	91	73	1.972359	0.426230
bali3.BB40046	0.179107	29	617	0.558689	0.020817
bali3.BBS12033	0.281417	7	341	1.184075	0.524934
bali3.BB30026	0.225935	81	484	0.883444	0.226207
bali3.BB30005	0.271321	113	532	1.116872	0.285106
bali3.BBS12017	0.299496	7	490	1.287050	0.539347
bali3.BB40021	0.238503	25	460	0.951269	0.105085
bali3.BBS11009	0.234192	4	96	1.084646	0.490385
bali3.BBS20017	0.495384	45	571	2.431010	0.877221
bali3.BB30024	0.177269	69	665	0.729284	0.010368
bali3.BB20025	0.383317	81	454	1.823190	0.568356
bali3.BB40006	0.204367	14	447	0.759532	0.198387
bali3.BBS30015	0.290358	21	114	1.249851	0.440789
bali3.BB30021	0.223970	140	251	0.792332	0.067029
bali3.BB40020	0.269106	23	867	1.064419	0.237074
bali3.BB20013	0.246817	28	621	0.986425	0.382353
bali3.BB50001	0.236241	34	615	0.962046	0.275344
bali3.BB12005	0.306518	9	223	1.324153	0.588933
bali3.BB12008	0.245090	13	490	0.973603	0.346434
bali3.BB20005	0.354049	42	458	1.619396	0.648054
bali3.BB12004	0.314115	15	263	1.386612	0.511111
bali3.BBS11007	0.195153	9	431	0.589351	0.212446
bali3.BBS30018	0.419806	78	299	2.013135	0.714286
bali3.BBS30010	0.440042	50	572	2.092127	0.818325
bali3.BBS12042	0.215323	4	540	0.737118	0.372250
bali3.BBS20021	0.474069	53	433	2.302855	0.735568
bali3.BBS11002	0.191640	8	67	0.621873	0.225000
bali3.BB30020	0.206488	56	205	0.611209	0.046828
bali3.BB12030	0.175330	6	1022	0.726028	0.264901
bali3.BBS11036	0.176581	8	384	0.488484	0.113490
bali3.BB50014	0.292270	30	641	1.231925	0.330443
bali3.BBS11001	0.209127	4	77	0.759140	0.382716
bali3.BBS30028	0.449027	89	357	2.170833	0.745413
bali3.BB40027	0.175360	33	918	0.380032	0.003604
bali3.BBS50007	0.194688	23	228	0.607257	0.101852
bali3.BB20004	0.368232	55	668	1.825410	0.685504
bali3.BB11026	0.107466	7	386	0.224895	0.015267
bali3.BBS11030	0.186535	14	205	0.517824	0.053279
bali3.BB40004	0.320719	67	583	1.351190	0.285920
bali3.BBS11035	0.187469	5	102	0.718324	0.221311
bali3.BBS12031	0.329118	10	975	1.498211	0.599812
bali3.BB20010	0.353765	29	1195	1.678252	0.803241
bali3.BBS30020	0.262765	56	90	1.071966	0.393443
bali3.BB40039	0.282962	34	803	1.067960	0.130608
bali3.BB12024	0.339930	4	261	1.453215	0.619217
bali3.BBS20012	0.371343	27	225	1.799768	0.619863
bali3.BBS12036	0.333200	7	211	1.671211	0.652968
bali3.BBS12038	0.296150	10	265	1.278887	0.512987
bali3.BB20008	0.169744	56	702	0.623144	0.000579
bali3.BBS20006	0.377186	51	252	1.714485	0.574324
bali3.BBS11013	0.143809	5	59	0.305509	0.173913
bali3.BB40012	0.237548	22	414	0.933767	0.255663
bali3.BB11028	0.142192	10	198	0.429100	0.053498
bali3.BB40049	0.135511	62	1151	0.430663	0.000386
bali3.BB40005	0.270163	12	679	1.243458	0.508951
bali3.BBS30022	0.365098	66	104	1.790998	0.527027
bali3.BB12015	0.176039	12	257	0.685332	0.095133
bali3.BB30022	0.327770	66	126	1.552010	0.412766
bali3.BB11035	0.174916	5	117	0.634664	0.235294
bali3.BB11007	0.194130	9	462	0.600828	0.210843
bali3.BB40023	0.180351	22	1444	0.378562	0.008889
bali3.BB12028	0.219110	8	356	0.881393	0.248473
bali3.BB40017	0.199283	42	299	0.742146	0.030973
bali3.BBS30026	0.264472	81	349	1.068303	0.415049
bali3.BB20022	0.292224	58	377	1.249374	0.487552
bali3.BBS11024	0.171105	4	344	0.447559	0.289617
bali3.BB11013	0.116936	5	89	0.274293	0.140351
bali3.BB20017	0.455270	45	677	2.217805	0.817219
bali3.BB20035	0.271455	35	862	1.360358	0.685203
bali3.BBS30013	0.302704	86	447	1.243784	0.532228
bali3.BB12031	0.328248	10	978	1.494992	0.610075
bali3.BBS50009	0.344488	28	262	1.544801	0.467532
bali3.BBS12008	0.288063	13	376	1.177218	0.566832
bali3.BBS12019	0.400827	5	551	1.897445	0.695958
bali3.BB50006	0.187860	60	797	0.689499	0.054602
bali3.BB11029	0.179469	4	123	0.634771	0.292517
bali3.BBS30014	0.278518	44	213	1.083360	0.437984
bali3.BB11024	0.155154	4	484	0.433930	0.277457
bali3.BB20012	0.288610	27	524	1.254275	0.430380
bali3.BBS30017	0.230714	15	279	0.777033	0.237500
bali3.BBS11033	0.175005	11	104	0.552207	0.120301
bali3.BBS11034	0.192545	8	375	0.645794	0.224439
bali3.BBS12001	0.270939	11	472	1.166153	0.437137
bali3.BB11016	0.163260	8	568	0.495567	0.097651
bali3.BB20026	0.200006	32	787	0.866683	0.193097
bali3.BBS20027	0.366146	29	263	1.636451	0.662252
bali3.BB40030	0.271488	32	413	1.195940	0.291328
bali3.BBS20004	0.416957	55	410	2.093993	0.697095
bali3.BB50008	0.264086	26	369	1.156332	0.258278
bali3.BB20028	0.384773	54	386	1.812158	0.495370
bali3.BBS20026	0.306454	32	287	1.359078	0.490085
bali3.BBS20038	0.447022	42	104	2.310863	0.625000
bali3.BB50011	0.205359	36	569	0.672431	0.085271
bali3.BB20019	0.348141	24	520	1.550488	0.542645
bali3.BBS11037	0.164594	5	412	0.433560	0.235556
bali3.BB11002	0.132830	8	130	0.444836	0.046512
bali3.BB40043	0.192281	17	446	0.611696	0.048335
bali3.BB40045	0.206789	11	289	0.652735	0.123778
bali3.BB11022	0.111205	4	164	0.387195	0.169725
bali3.BBS12034	0.297690	4	286	1.331203	0.608108
bali3.BB12011	0.220926	12	1062	0.928653	0.282525
bali3.BBS11015	0.207237	4	320	0.656623	0.359882
bali3.BB30013	0.246819	86	771	0.991014	0.372549
bali3.BB40044	0.208760	47	206	0.823765	0.148387
bali3.BB20038	0.394012	42	130	1.956933	0.452991
bali3.BBS11038	0.214117	8	292	0.786937	0.318318
bali3.BB12002	0.244694	6	226	1.047885	0.423077
bali3.BBS20020	0.341595	16	256	1.504649	0.705455
bali3.BB20002	0.115771	20	836	0.386113	0.000611
bali3.BB11001	0.208011	4	94	0.881081	0.451923
bali3.BBS20031	0.330349	60	202	1.472723	0.485185
bali3.BB12027	0.281800	13	526	1.288497	0.488854
bali3.BBS30004	0.325174	50	408	1.368270	0.576305
bali3.BBS12030	0.362470	6	241	1.636595	0.705645
bali3.BBS11020	0.183367	9	221	0.504033	0.140221
bali3.BB50015	0.148981	32	628	0.470189	0.000693
bali3.BB20003	0.383571	74	484	1.756699	0.414201
bali3.BB11012	0.216387	4	397	0.885487	0.448931
bali3.BB12025	0.193119	4	243	0.703830	0.328622
bali3.BB30001	0.276561	116	523	1.092966	0.314709
bali3.BB30004	0.272392	50	577	1.067488	0.371810
bali3.BBS11005	0.165868	14	382	0.457103	0.021978
bali3.BBS12032	0.314135	9	65	1.640930	0.527027
bali3.BB50003	0.229535	43	658	0.886965	0.168714
bali3.BBS12023	0.319121	5	739	1.533965	0.642764
bali3.BB11005	0.160959	14	464	0.437587	0.019643
bali3.BB50010	0.208029	17	579	0.793811	0.193095
bali3.BBS20030	0.563931	47	89	3.042814	0.783784
bali3.BB30003	0.214705	142	456	0.744196	0.106732
bali3.BBS11023	0.176525	7	302	0.447712	0.125364
bali3.BBS11008	0.191519	4	122	0.612551	0.294964
bali3.BBS20033	0.448591	48	106	2.320964	0.581081
bali3.BBS50014	0.319616	30	549	1.383934	0.404227
bali3.BB12035	0.277743	27	289	1.197496	0.384449
bali3.BBS12003	0.341437	8	65	2.006218	0.666667
bali3.BBS20022	0.301820	58	352	1.301676	0.471526
bali3.BB30023	0.238385	77	310	0.859927	0.195578
bali3.BB12032	0.289277	9	72	1.487190	0.450549
bali3.BB12041	0.256165	7	128	1.333970	0.520270
bali3.BBS12029	0.356374	12	283	1.694664	0.674419
bali3.BBS12006	0.302859	4	235	1.345827	0.567347
bali3.BB20031	0.313652	60	225	1.358248	0.307692
bali3.BB11019	0.194091	10	393	0.614163	0.165236
bali3.BB20014	0.300393	65	343	1.265436	0.215730
bali3.BBS12037	0.274754	13	512	1.158756	0.433213
bali3.BB40010	0.282047	9	145	1.062989	0.194946
bali3.BB40035	0.166764	27	983	0.569499	0.090112
bali3.BBS20016	0.353071	27	110	1.563682	0.570370
bali3.BB11017	0.180702	4	298	0.664804	0.332335
bali3.BB12021	0.287474	6	81	1.381659	0.574713
bali3.BB40034	0.223782	34	423	0.826444	0.158889
bali3.BB40013	0.171175	35	271	0.565098	0.048930
bali3.BB12044	0.305530	11	610	1.352344	0.580786
bali3.BBS11011	0.136539	5	213	0.340845	0.181034
bali3.BB50007	0.181697	23	260	0.553658	0.035714
bali3.BB50012	0.167745	49	963	0.566963	0.078220
bali3.BBS20034	0.289708	59	248	1.174786	0.386364
bali3.BBS20018	0.381681	53	311	1.862629	0.722543
bali3.BB12019	0.318400	5	809	1.472806	0.578824
bali3.BB40008	0.224847	12	570	0.837923	0.280350
bali3.BBS12024	0.366470	4	243	1.573973	0.642570
bali3.BB20020	0.291196	16	325	1.223178	0.376511
bali3.BB12042	0.208369	4	561	0.702911	0.335463
bali3.BB11038	0.167896	8	453	0.617378	0.148204
bali3.BBS12005	0.330642	9	204	1.445820	0.558559
bali3.BBS30003	0.223290	142	358	0.775925	0.182013
bali3.BBS20024	0.589483	30	74	2.835260	0.741573
bali3.BB20021	0.380852	53	756	1.790426	0.610069
bali3.BB12007	0.304331	8	1095	1.345735	0.545302
bali3.BB12022	0.157520	5	373	0.648257	0.172619
bali3.BBS20019	0.358790	24	362	1.647311	0.630435
bali3.BBS20015	0.376908	37	58	1.588295	0.428571
bali3.BB50002	0.148902	13	548	0.506100	0.036184
bali3.BB30018	0.359348	78	470	1.611989	0.470822
bali3.BBS11014	0.216826	6	552	0.756727	0.338211
bali3.BB20001	0.152734	16	432	0.597338	0.020216
bali3.BBS50015	0.193605	32	310	0.679813	0.049242
bali3.BBS50016	0.208682	18	427	0.832097	0.196864
bali3.BB12010	0.266574	7	382	1.130727	0.469907
bali3.BB30019	0.223782	34	423	0.826534	0.158889
bali3.BB40038	0.182186	23	507	0.265973	0.006812
bali3.BBS12009	0.331750	5	68	1.420058	0.478873
bali3.BB30011	0.320965	65	348	1.428032	0.592357
bali3.BB12034	0.294893	4	291	1.323799	0.580000
bali3.BB40002	0.110464	56	861	0.342112	0.000581
bali3.BB12033	0.203808	7	569	0.795770	0.285511
bali3.BBS11022	0.148893	4	69	0.345411	0.246914
bali3.BB11004	0.160755	4	489	0.483487	0.265152
bali3.BBS12014	0.351321	9	49	1.512697	0.480769
bali3.BB20016	0.204107	27	281	0.791660	0.116279
bali3.BB11009	0.113143	4	317	0.437500	0.209195
bali3.BBS30023	0.257142	77	255	0.957839	0.337500
bali3.BB40016	0.199283	42	299	0.740581	0.030973
bali3.BB11027	0.168750	7	283	0.487756	0.104308
bali3.BB11030	0.169406	14	340	0.425408	0.035635
bali3.BBS11025	0.144444	4	63	0.126316	0.212121
bali3.BB20040	0.344518	87	508	1.580474	0.540373
bali3.BBS20023	0.319481	31	204	1.324594	0.457249
bali3.BBS30009	0.311681	38	72	1.221605	0.390000
bali3.BB50009	0.262291	28	506	1.112350	0.393393
bali3.BB12016	0.140096	5	801	0.360494	0.059455
bali3.BBS30012	0.285197	65	338	1.188982	0.484848
bali3.BB40042	0.219725	31	374	0.754672	0.090304
bali3.BB11025	0.121674	4	100	0.300000	0.191304
bali3.BBS12010	0.298780	7	325	1.275918	0.538235
bali3.BBS20009	0.415884	29	219	1.971763	0.630081
bali3.BB30007	0.230852	24	179	0.824614	0.129032
bali3.BBS12002	0.255391	6	190	1.071531	0.510204
bali3.BB11010	0.186595	4	559	0.515332	0.275917
bali3.BB20037	0.272857	65	534	1.154608	0.423767
bali3.BBS11031	0.160002	11	370	0.433779	0.048387
bali3.BBS20007	0.265051	23	419	1.012061	0.447581
bali3.BB20023	0.301915	31	232	1.240509	0.482993
bali3.BB40022	0.139532	14	550	0.393606	0.030541
bali3.BB12039	0.201177	11	144	0.756927	0.106538
bali3.BBS30001	0.323885	116	185	1.391376	0.487288
bali3.BB40007	0.171149	8	2173	0.708477	0.195402
bali3.BBS50013	0.369054	18	234	1.703734	0.697318
bali3.BB20034	0.270690	59	292	1.063033	0.259696
bali3.BB40015	0.106672	33	998	0.292977	0.000230
bali3.BBS12027	0.298252	13	212	1.408514	0.590090
bali3.BB20033	0.415518	48	121	2.125829	0.560847
bali3.BBS11006	0.158596	8	241	0.463425	0.145161
bali3.BBS50008	0.314837	26	192	1.448852	0.430341
bali3.BB30002	0.241065	31	639	1.016396	0.320482
bali3.BBS20035	0.383846	35	167	1.917670	0.685446
bali3.BBS20003	0.414112	74	420	1.988824	0.602713
bali3.BB11014	0.207161	6	599	0.726767	0.286525
bali3.BB30015	0.207045	21	390	0.751757	0.062500
bali3.BB12026	0.322344	18	285	1.377272	0.441589
bali3.BB12012	0.224641	4	452	0.897275	0.362832
bali3.BBS20032	0.413666	61	107	1.933912	0.517647
bali3.BBS30030	0.300816	62	285	1.259240	0.522857
bali3.BB20009	0.355033	29	394	1.647423	0.748858
bali3.BB40032	0.159066	6	1103	0.621240	0.224632
bali3.BB40024	0.166602	34	695	0.529419	0.025606
bali3.BB11037	0.129937	5	713	0.329458	0.082294
bali3.BB30028	0.451042	89	448	2.148342	0.710069
bali3.BB12006	0.299248	4	241	1.348036	0.548000
bali3.BB11011	0.143129	5	242	0.335878	0.126761
bali3.BBS12016	0.293116	5	110	1.226330	0.572581
bali3.BB12037	0.215863	13	967	0.654945	0.072338
bali3.BBS11003	0.183329	4	473	0.567301	0.361789
bali3.BB12023	0.312989	5	764	1.511082	0.628713
bali3.BBS12011	0.279439	12	628	1.152712	0.465569
bali3.BBS20001	0.316840	16	74	1.412048	0.582278
bali3.BBS12044	0.308270	11	597	1.356145	0.567809
bali3.BB40031	0.271854	27	508	1.147972	0.256298
bali3.BB20029	0.284645	29	119	1.317217	0.371728
bali3.BBS50005	0.419907	11	717	2.096223	0.727899
bali3.BBS11018	0.177687	14	505	0.581658	0.115265
bali3.BBS20037	0.300605	65	352	1.304459	0.473441
bali3.BB12029	0.273612	12	499	1.218664	0.509225
bali3.BBS12041	0.282067	7	116	1.502732	0.584000
bali3.BB11031	0.151287	11	455	0.389340	0.035139
bali3.BBS30006	0.258440	18	105	1.059916	0.295455
bali3.BBS11028	0.184330	10	96	0.485430	0.132743
bali3.BB40041	0.126262	55	493	0.345544	0.003490
bali3.BBS20039	0.470072	91	360	2.322412	0.773893
bali3.BB20024	0.243174	30	522	1.006035	0.212679
bali3.BB12040	0.246515	5	147	1.055556	0.471698
bali3.BB40029	0.256375	24	223	0.914409	0.130952
bali3.BBS20010	0.365490	29	608	1.653996	0.664234
bali3.BB12017	0.292625	7	510	1.255738	0.538043
bali3.BB11003	0.171090	4	536	0.540541	0.332168
bali3.BB30006	0.162299	18	460	0.478691	0.020127
bali3.BB40048	0.352243	17	904	1.420447	0.304153
bali3.BB11020	0.176186	9	244	0.487159	0.129252
bali3.BBS20008	0.299275	56	93	1.297852	0.368000
bali3.BBS12007	0.315681	8	1038	1.403305	0.586397
bali3.BB40028	0.297513	22	364	1.164410	0.233933
bali3.BBS12028	0.290719	8	244	1.258050	0.511194
bali3.BB30025	0.182046	74	175	0.639070	0.028017
bali3.BB40011	0.113366	39	687	0.341717	0.000579
bali3.BBS11032	0.198794	8	250	0.662609	0.272401
bali3.BBS50012	0.288335	49	315	1.173292	0.285714
bali3.BBS50006	0.229189	60	478	0.902649	0.180536
bali3.BBS30029	0.322863	98	446	1.406637	0.471136
bali3.BBS12020	0.260811	4	128	1.224189	0.458647
bali3.BB40025	0.270241	14	335	1.132706	0.345423
bali3.BB11033	0.142059	11	191	0.403894	0.024911
bali3.BBS11027	0.182343	7	217	0.496388	0.168033
bali3.BBS30021	0.240306	140	209	0.879123	0.185874
bali3.BB30014	0.264912	44	235	1.035971	0.370748
bali3.BB30012	0.242568	65	466	0.969127	0.268466
bali3.BB11006	0.154545	8	285	0.423495	0.099415
bali3.BB40026	0.208246	36	710	0.756642	0.111419
bali3.BB12020	0.253590	4	131	1.055917	0.467153
bali3.BBS20002	0.267041	20	45	0.908734	0.271186
bali3.BB30017	0.209974	15	357	0.710372	0.127404
bali3.BBS20028	0.474104	54	264	2.351088	0.764516
bali3.BBS30027	0.276971	20	102	1.289533	0.418033
bali3.BB20039	0.471020	91	442	2.302246	0.788868
bali3.BBS30007	0.291086	24	107	1.303621	0.483871
bali3.BB12009	0.192305	5	153	0.670820	0.192157
bali3.BBS30011	0.340788	65	316	1.547409	0.644986
bali3.BB12043	0.238216	34	391	0.958317	0.119718
bali3.BBS11016	0.195233	8	360	0.640456	0.241470
bali3.BBS12039	0.253979	11	74	1.348709	0.345238
bali3.BB40018	0.139998	9	532	0.345567	0.025707
bali3.BBS30016	0.352401	37	65	1.381237	0.637500
bali3.BB11021	0.182876	4	141	0.769140	0.327684
bali3.BBS11004	0.174203	4	431	0.518147	0.309474
bali3.BB40001	0.149275	28	666	0.555843	0.023889
bali3.BB12001	0.258930	11	502	1.105583	0.458929
bali3.BBS30024	0.243595	69	228	0.986921	0.319728
bali3.BBS12015	0.264477	12	132	1.171897	0.429487
bali3.BBS30008	0.328687	36	456	1.463044	0.697719
bali3.BBS20013	0.289190	28	210	1.289804	0.503906
bali3.BBS11019	0.197070	10	387	0.622976	0.177632
bali3.BBS30005	0.314243	113	247	1.407483	0.582492
bali3.BBS12021	0.315134	6	77	1.413644	0.585366
bali3.BBS11021	0.213910	4	111	0.843284	0.387097
bali3.BBS12026	0.341305	18	261	1.481904	0.656463
bali3.BB40036	0.347742	29	393	1.612795	0.421419
bali3.BB50005	0.408905	11	757	2.029338	0.725877
bali3.BB20006	0.368251	51	261	1.672912	0.584906
bali3.BB30008	0.297062	36	646	1.154777	0.339901
bali3.BB12018	0.363085	4	899	1.699148	0.659574
bali3.BB20036	0.266675	91	155	1.140310	0.205314
bali3.BBS11029	0.186375	4	104	0.560000	0.275862
bali3.BBS50003	0.281833	43	241	1.166514	0.151751
bali3.BBS11026	0.176018	7	91	0.555960	0.215686
bali3.BB11036	0.172655	8	428	0.472506	0.114563
bali3.BBS20029	0.374078	29	59	1.817673	0.576923
bali3.BB11018	0.157379	14	672	0.506619	0.047009
bali3.BB12038	0.210840	10	737	0.501190	0.070534
bali3.BB20032	0.393005	61	126	1.822437	0.519608
bali3.BBS20040	0.422038	87	318	2.083402	0.682292
bali3.BB20027	0.238862	29	615	0.939562	0.197605
bali3.BBS12018	0.376887	4	857	1.768603	0.661605
bali3.BBS20014	0.360754	65	214	1.708497	0.676923
bali3.BBS20041	0.415485	48	286	1.981604	0.736025
bali3.BBS20025	0.449967	81	282	2.241664	0.694444
sabre.twi_049	0.139911	14	176	0.335093	0.000000
sabre.twi_164	0.144271	8	139	0.322198	0.085890
sabre.twi_095	0.147734	3	246	0.372124	0.321970
sabre.sup_118	0.216571	9	82	0.775639	0.205128
sabre.sup_270	0.251059	3	120	0.888889	0.463415
sabre.sup_123	0.157317	5	215	0.425788	0.114286
sabre.sup_094	0.175792	3	189	0.557118	0.425837
sabre.sup_287	0.153941	4	160	0.443523	0.281081
sabre.sup_091	0.217525	3	294	0.839185	0.432927
sabre.sup_218	0.255945	7	187	1.021082	0.387387
sabre.sup_314	0.197405	7	128	0.641581	0.261438
sabre.twi_009	0.243593	3	44	1.315789	0.420000
sabre.sup_420	0.141499	7	459	0.370570	0.083192
sabre.twi_160	0.175169	3	163	0.444898	0.307692
sabre.sup_161	0.153706	6	379	0.400316	0.151844
sabre.sup_045	0.176653	4	128	0.560155	0.193370
sabre.sup_245	0.237847	12	76	1.035564	0.367347
sabre.sup_315	0.170954	3	246	0.506089	0.340136
sabre.sup_418	0.150568	3	232	0.494269	0.333333
sabre.sup_302	0.210923	4	248	0.579273	0.282313
sabre.sup_291	0.438955	4	186	2.252453	0.776596
sabre.sup_311	0.169146	11	150	0.477432	0.078818
sabre.sup_194	0.183420	6	257	0.547977	0.202091
sabre.twi_204	0.134822	3	199	0.429048	0.349282
sabre.sup_367	0.269697	10	75	1.359577	0.366972
sabre.twi_028	0.155688	3	124	0.512064	0.355556
sabre.sup_168	0.281378	3	368	1.209955	0.560976
sabre.sup_322	0.243147	4	276	0.952903	0.493056
sabre.sup_294	0.246013	5	147	0.982771	0.387283
sabre.sup_017	0.203955	3	67	0.653465	0.361446
sabre.sup_192	0.239789	8	358	0.905630	0.358670
sabre.twi_203	0.193117	3	93	0.589041	0.363636
sabre.twi_051	0.146899	5	99	0.234704	0.136752
sabre.sup_101	0.201060	4	196	0.866723	0.408654
sabre.twi_118	0.133747	6	434	0.351028	0.104505
sabre.sup_358	0.179259	3	182	0.441606	0.328205
sabre.twi_112	0.153181	7	467	0.341409	0.104129
sabre.twi_060	0.181741	8	105	0.570262	0.186992
sabre.sup_323	0.234809	3	362	0.838086	0.427208
sabre.twi_185	0.179084	3	79	0.772152	0.351648
sabre.sup_046	0.214718	5	128	0.757699	0.319444
sabre.sup_424	0.127173	3	174	0.374761	0.335196
sabre.twi_099	0.137597	3	154	0.312500	0.294479
sabre.sup_106	0.178394	7	171	0.689437	0.211454
sabre.sup_375	0.397811	3	61	2.612022	0.671875
sabre.sup_249	0.140174	3	194	0.359107	0.311927
sabre.sup_180	0.394434	3	157	2.012739	0.664634
sabre.twi_165	0.149907	3	105	0.603175	0.344538
sabre.sup_204	0.241576	4	234	0.940383	0.406130
sabre.sup_413	0.288204	3	267	1.292653	0.566667
sabre.sup_040	0.155688	3	124	0.512064	0.355556
sabre.twi_056	0.131551	5	344	0.304234	0.156812
sabre.twi_138	0.099095	3	121	0.129477	0.228346
sabre.twi_063	0.130435	9	173	0.249639	0.041475
sabre.twi_137	0.146712	3	145	0.369266	0.351852
sabre.sup_043	0.310227	3	103	1.632258	0.456140
sabre.twi_148	0.126942	4	116	0.393678	0.238462
sabre.sup_208	0.208281	3	298	0.733781	0.442675
sabre.twi_171	0.142075	5	353	0.339281	0.156410
sabre.sup_215	0.172952	25	464	0.459480	0.001715
sabre.sup_240	0.165792	3	114	0.470930	0.354331
sabre.sup_130	0.165957	9	161	0.522799	0.097436
sabre.twi_123	0.165792	3	114	0.470930	0.354331
sabre.sup_150	0.402677	3	158	2.044304	0.698113
sabre.sup_146	0.156981	4	363	0.327223	0.250627
sabre.twi_126	0.101855	4	206	0.124899	0.142349
sabre.twi_054	0.169678	3	155	0.615880	0.351190
sabre.sup_097	0.124959	5	269	0.244346	0.129338
sabre.sup_220	0.290985	3	319	1.271682	0.579755
sabre.sup_134	0.329615	3	179	1.502793	0.602151
sabre.sup_349	0.193159	5	357	0.690416	0.265589
sabre.sup_058	0.179393	8	225	0.570931	0.208333
sabre.sup_164	0.172185	3	314	0.603393	0.427245
sabre.twi_087	0.141063	4	292	0.348174	0.215152
sabre.twi_086	0.125628	5	330	0.343930	0.117773
sabre.sup_275	0.201319	7	93	0.809365	0.188406
sabre.sup_195	0.261612	3	160	1.174636	0.527607
sabre.twi_053	0.109029	4	256	0.237013	0.175758
sabre.twi_128	0.136290	4	194	0.305842	0.229358
sabre.twi_168	0.178117	3	131	0.696203	0.388489
sabre.sup_368	0.290380	13	62	1.458537	0.435897
sabre.sup_277	0.220709	4	146	0.721779	0.351515
sabre.sup_370	0.133202	3	100	0.278146	0.320755
sabre.twi_158	0.153547	4	145	0.275744	0.219355
sabre.sup_406	0.242928	3	115	0.843750	0.433071
sabre.sup_055	0.203298	3	226	0.859882	0.460870
sabre.sup_212	0.172867	11	252	0.518052	0.093645
sabre.sup_084	0.248957	4	164	1.048780	0.474286
sabre.sup_333	0.192052	13	354	0.732570	0.217604
sabre.twi_034	0.177266	3	116	0.328571	0.362903
sabre.twi_135	0.170658	9	170	0.470254	0.087719
sabre.sup_304	0.190362	3	155	0.613734	0.367470
sabre.sup_372	0.369565	3	46	2.297101	0.608696
sabre.twi_144	0.101413	4	189	0.282953	0.142857
sabre.sup_196	0.169201	11	267	0.610396	0.094286
sabre.sup_330	0.219399	3	128	0.890909	0.453901
sabre.sup_290	0.140803	4	162	0.452772	0.240385
sabre.sup_337	0.186427	7	277	0.640041	0.242902
sabre.twi_037	0.140413	3	130	0.247449	0.300752
sabre.sup_316	0.179965	5	170	0.537559	0.275676
sabre.twi_043	0.127726	3	144	0.269585	0.276074
sabre.sup_271	0.173983	6	114	0.496314	0.229630
sabre.twi_114	0.143227	19	344	0.321362	0.000000
sabre.sup_313	0.149325	4	202	0.472428	0.269911
sabre.sup_188	0.209366	5	241	0.744919	0.363636
sabre.sup_207	0.134306	4	165	0.322256	0.229592
sabre.twi_038	0.139968	5	221	0.322238	0.162879
sabre.twi_170	0.162619	4	291	0.491710	0.261830
sabre.sup_096	0.132984	3	181	0.251376	0.295918
sabre.sup_111	0.259072	3	110	1.098726	0.483871
sabre.sup_003	0.210570	5	97	0.904387	0.322034
sabre.sup_085	0.180910	4	144	0.517837	0.282209
sabre.twi_193	0.228768	3	57	1.198830	0.384615
sabre.sup_214	0.141009	25	329	0.356411	0.000000
sabre.sup_346	0.243538	13	315	0.847375	0.258993
sabre.sup_154	0.171006	12	267	0.480973	0.070288
sabre.sup_423	0.199772	4	68	0.630986	0.310811
sabre.sup_179	0.138609	3	295	0.244645	0.277439
sabre.sup_049	0.298503	6	328	1.367140	0.622478
sabre.twi_190	0.236434	4	48	0.968750	0.372549
sabre.sup_354	0.267251	3	264	1.278689	0.546980
sabre.sup_319	0.172836	8	224	0.568457	0.160305
sabre.sup_148	0.219052	8	103	0.775581	0.242857
sabre.sup_312	0.288443	3	137	1.223301	0.561644
sabre.sup_364	0.142271	4	48	0.345890	0.222222
sabre.sup_327	0.247846	3	152	0.893013	0.470238
sabre.sup_174	0.323367	6	160	1.509942	0.604651
sabre.sup_335	0.221683	4	129	0.883871	0.374101
sabre.sup_259	0.160352	8	119	0.502744	0.184397
sabre.sup_155	0.197745	5	399	0.678276	0.329571
sabre.twi_140	0.159532	4	98	0.566610	0.246032
sabre.sup_142	0.460305	3	116	2.153095	0.675000
sabre.sup_127	0.270769	3	84	1.122530	0.606742
sabre.sup_307	0.176425	4	155	0.650215	0.304094
sabre.sup_295	0.177234	4	183	0.649139	0.280374
sabre.sup_213	0.199061	6	222	0.725008	0.272059
sabre.twi_083	0.158635	7	159	0.432698	0.096618
sabre.sup_228	0.189128	3	738	0.605144	0.407035
sabre.sup_137	0.175341	4	354	0.554981	0.372340
sabre.sup_172	0.161862	7	290	0.445957	0.154545
sabre.sup_059	0.372752	4	283	1.593051	0.657534
sabre.sup_292	0.317243	3	144	1.489607	0.462963
sabre.sup_407	0.159578	8	331	0.411454	0.102828
sabre.twi_100	0.141668	6	256	0.398126	0.144654
sabre.sup_235	0.147497	7	446	0.451665	0.105735
sabre.sup_110	0.124268	6	122	0.291167	0.050847
sabre.sup_211	0.229848	6	279	0.823529	0.289326
sabre.sup_231	0.443812	3	421	2.231621	0.761021
sabre.twi_195	0.188298	3	45	0.770370	0.307692
sabre.sup_391	0.169178	11	91	0.719395	0.229508
sabre.twi_182	0.208096	4	64	0.842254	0.439394
sabre.twi_155	0.132401	6	179	0.284492	0.077586
sabre.sup_002	0.200022	4	171	0.783495	0.350711
sabre.sup_065	0.196585	9	452	0.629277	0.212302
sabre.sup_163	0.163001	3	361	0.583564	0.368421
sabre.sup_297	0.177541	6	117	0.594410	0.276923
sabre.twi_133	0.118433	7	157	0.270847	0.065327
sabre.twi_102	0.167720	3	201	0.424793	0.309917
sabre.twi_177	0.163744	6	250	0.454328	0.171004
sabre.sup_401	0.269555	4	95	1.231969	0.525253
sabre.sup_209	0.193192	8	351	0.592574	0.211970
sabre.sup_125	0.156948	5	212	0.385014	0.194215
sabre.sup_199	0.203587	6	173	0.667069	0.231405
sabre.twi_184	0.133202	3	100	0.278146	0.320755
sabre.sup_341	0.166681	8	232	0.430207	0.137931
sabre.sup_092	0.151393	25	195	0.381524	0.000000
sabre.sup_262	0.276619	9	160	1.239459	0.412698
sabre.sup_025	0.204640	5	184	0.612019	0.319048
sabre.sup_063	0.142819	5	369	0.400163	0.171946
sabre.sup_409	0.190332	4	207	0.743775	0.323404
sabre.twi_069	0.144842	9	191	0.405119	0.076923
sabre.sup_236	0.157081	10	369	0.394962	0.050420
sabre.twi_191	0.211228	3	80	0.763485	0.411765
sabre.sup_301	0.136372	4	179	0.266481	0.193237
sabre.twi_161	0.159333	6	227	0.494422	0.183206
sabre.sup_080	0.168328	3	120	0.365651	0.333333
sabre.sup_036	0.208467	7	127	0.646815	0.255034
sabre.sup_415	0.341798	3	323	1.491246	0.577508
sabre.sup_190	0.160698	17	261	0.392038	0.006250
sabre.sup_263	0.183698	3	164	0.533469	0.366120
sabre.sup_318	0.185329	3	96	1.227723	0.514852
sabre.twi_200	0.159781	4	222	0.423336	0.282700
sabre.sup_162	0.173566	3	435	0.552833	0.368071
sabre.twi_088	0.141721	3	109	0.232416	0.267241
sabre.sup_113	0.213932	10	80	0.781777	0.272727
sabre.sup_351	0.221020	3	358	0.917209	0.470437
sabre.twi_030	0.187691	4	104	0.682692	0.309524
sabre.sup_256	0.256726	8	116	1.103129	0.460938
sabre.sup_317	0.258746	4	306	1.056522	0.500000
sabre.twi_121	0.147395	7	224	0.376242	0.078767
sabre.sup_403	0.227374	3	75	0.889381	0.545455
sabre.sup_398	0.217713	3	54	0.882716	0.396552
sabre.sup_182	0.196525	14	164	0.672021	0.171717
sabre.sup_379	0.269138	5	73	1.456554	0.478723
sabre.sup_299	0.215394	12	132	0.805493	0.280255
sabre.sup_381	0.275600	6	48	1.231190	0.509434
sabre.sup_340	0.306729	8	264	1.329592	0.602787
sabre.sup_131	0.139626	19	139	0.311071	0.000000
sabre.sup_386	0.188298	3	45	0.770370	0.307692
sabre.twi_091	0.140519	4	159	0.525381	0.329609
sabre.twi_197	0.153034	6	89	0.484281	0.230769
sabre.sup_064	0.312975	6	418	1.389987	0.599576
sabre.twi_166	0.141710	7	301	0.324128	0.067470
sabre.sup_425	0.150989	3	167	0.500994	0.320388
sabre.sup_167	0.195421	21	148	0.639137	0.081395
sabre.sup_103	0.121085	3	133	0.478803	0.294521
sabre.twi_022	0.222836	4	84	0.859406	0.406250
sabre.twi_059	0.136933	3	104	0.437063	0.333333
sabre.sup_289	0.112233	4	162	0.250771	0.140625
sabre.sup_345	0.284355	3	388	1.208763	0.569231
sabre.sup_272	0.228208	3	149	1.037946	0.500000
sabre.sup_229	0.248157	6	521	0.938139	0.414159
sabre.sup_202	0.220206	8	121	0.783172	0.321168
sabre.sup_417	0.286871	3	83	0.944223	0.418605
sabre.sup_082	0.217839	4	118	0.736248	0.424000
sabre.sup_156	0.225174	5	366	0.836384	0.412987
sabre.sup_393	0.203870	4	60	1.256506	0.544118
sabre.sup_296	0.222469	3	123	0.792453	0.464567
sabre.twi_067	0.132346	6	158	0.281749	0.083333
sabre.twi_116	0.177071	3	391	0.593697	0.368910
sabre.sup_081	0.196647	7	114	0.598668	0.228346
sabre.sup_233	0.467744	3	330	2.332661	0.688822
sabre.sup_009	0.230613	3	121	0.818681	0.429688
sabre.sup_013	0.249979	7	105	0.906292	0.294521
sabre.sup_139	0.254428	5	48	0.898876	0.352941
sabre.sup_115	0.167816	4	183	0.541894	0.318408
sabre.sup_178	0.165541	4	179	0.523633	0.305699
sabre.sup_328	0.149663	10	139	0.354414	0.036810
sabre.sup_152	0.237267	5	154	0.934712	0.409574
sabre.sup_332	0.162430	10	289	0.452110	0.065060
sabre.sup_032	0.248167	4	135	1.235139	0.434483
sabre.twi_136	0.138525	5	177	0.272984	0.145540
sabre.sup_104	0.193939	4	147	0.674603	0.339286
sabre.sup_062	0.162777	5	395	0.393273	0.193258
sabre.sup_044	0.153895	5	88	0.454976	0.200000
sabre.sup_054	0.140413	3	130	0.247449	0.300752
sabre.sup_129	0.241628	4	202	0.933333	0.429245
sabre.twi_113	0.156516	6	291	0.403661	0.144044
sabre.sup_244	0.273369	3	139	1.324582	0.536424
sabre.twi_011	0.187791	3	96	0.802083	0.423077
sabre.sup_264	0.174860	14	145	0.602694	0.057034
sabre.sup_300	0.192236	3	118	0.426554	0.400000
sabre.sup_121	0.206984	7	216	0.674797	0.245283
sabre.sup_057	0.189009	9	411	0.610954	0.169429
sabre.sup_399	0.309491	3	96	1.427586	0.520000
sabre.sup_387	0.324812	3	37	1.540541	0.421053
sabre.sup_170	0.152376	5	367	0.463693	0.165957
sabre.sup_243	0.101855	4	206	0.124899	0.142349
sabre.sup_396	0.157223	17	174	0.466365	0.006667
sabre.sup_177	0.196171	11	207	0.646533	0.148148
sabre.twi_115	0.152095	6	171	0.381833	0.126904
sabre.twi_096	0.136907	8	308	0.324965	0.045833
sabre.twi_109	0.146856	5	259	0.388031	0.199275
sabre.sup_230	0.156003	7	173	0.483146	0.101852
sabre.sup_254	0.182453	19	116	0.654970	0.141026
sabre.sup_356	0.174235	4	206	0.466074	0.234568
sabre.twi_186	0.190807	3	64	0.966216	0.444444
sabre.sup_184	0.148834	9	237	0.324789	0.032573
sabre.twi_188	0.200193	8	71	0.751618	0.250000
sabre.sup_187	0.154334	12	223	0.403132	0.027027
sabre.sup_173	0.159501	4	110	0.408748	0.253968
sabre.sup_222	0.313961	3	509	1.356254	0.573077
sabre.sup_024	0.397758	3	159	1.924686	0.643750
sabre.sup_050	0.274738	3	138	1.062651	0.507042
sabre.sup_086	0.203263	6	103	0.570748	0.237288
sabre.sup_005	0.326393	8	94	1.550320	0.653846
sabre.sup_239	0.175156	4	175	0.474286	0.266332
sabre.sup_034	0.237823	7	85	1.005042	0.395833
sabre.sup_382	0.274184	5	78	1.218912	0.494118
sabre.sup_405	0.217503	3	246	0.650880	0.434109
sabre.sup_223	0.197568	4	585	0.627384	0.290837
sabre.sup_320	0.259133	5	220	1.105861	0.510204
sabre.twi_107	0.130609	8	318	0.293042	0.058511
sabre.sup_306	0.364242	4	87	1.777143	0.662921
sabre.sup_031	0.208749	3	90	0.812500	0.457447
sabre.sup_221	0.186150	3	265	0.573585	0.350340
sabre.twi_066	0.147652	11	240	0.377923	0.036667
sabre.sup_038	0.184835	22	147	0.530612	0.074468
sabre.sup_338	0.140951	6	342	0.364962	0.166667
sabre.sup_126	0.261674	25	260	1.043232	0.336158
sabre.twi_209	0.117949	3	82	0.048387	0.188235
sabre.twi_111	0.131561	13	332	0.303038	0.006652
sabre.sup_342	0.254284	7	152	1.063943	0.382022
sabre.sup_410	0.136194	3	235	0.489362	0.356846
sabre.sup_416	0.296702	5	133	1.243609	0.468085
sabre.sup_117	0.270252	3	249	1.053548	0.428070
sabre.sup_041	0.187691	4	104	0.682692	0.309524
sabre.sup_151	0.428673	3	130	2.282051	0.659259
sabre.sup_075	0.301145	4	490	1.300849	0.582857
sabre.sup_355	0.249295	3	260	1.089744	0.481884
sabre.sup_201	0.138723	3	198	0.262626	0.300469
sabre.sup_260	0.147838	10	159	0.348866	0.026906
sabre.sup_090	0.322307	4	112	1.397321	0.570248
sabre.twi_199	0.211874	3	61	1.050847	0.455882
sabre.sup_136	0.174850	8	477	0.494537	0.122124
sabre.sup_175	0.185095	5	248	0.538864	0.218638
sabre.sup_324	0.222889	6	108	0.631385	0.295455
sabre.twi_172	0.202656	3	177	0.534709	0.400000
sabre.sup_267	0.138525	5	177	0.272984	0.145540
sabre.sup_227	0.145735	3	549	0.436628	0.335593
sabre.sup_107	0.098822	3	79	0.147059	0.222222
sabre.twi_027	0.146623	3	87	0.377863	0.254902
sabre.sup_140	0.300090	3	267	1.367041	0.574545
sabre.sup_124	0.279418	3	112	1.210059	0.557377
sabre.twi_057	0.140753	3	198	0.489933	0.327014
sabre.twi_041	0.143481	3	287	0.388631	0.289157
sabre.sup_093	0.263656	5	147	1.116168	0.454545
sabre.sup_331	0.163702	4	101	0.649755	0.327731
sabre.sup_395	0.283048	5	127	1.243307	0.376543
sabre.sup_383	0.203749	19	38	0.907016	0.267857
sabre.sup_280	0.121396	3	115	0.196532	0.271186
sabre.twi_167	0.159070	5	250	0.305511	0.170068
sabre.twi_153	0.194535	3	111	0.730539	0.394737
sabre.sup_310	0.138150	12	222	0.339962	0.023490
sabre.twi_068	0.138934	11	135	0.297732	0.022222
sabre.twi_143	0.116529	3	178	0.343925	0.259615
sabre.sup_039	0.252884	4	70	0.971631	0.492958
sabre.sup_016	0.207898	5	170	0.791380	0.308057
sabre.sup_158	0.147882	8	412	0.385215	0.086785
sabre.sup_273	0.380135	10	118	1.668976	0.617188
sabre.sup_132	0.352707	3	102	1.767974	0.611650
sabre.twi_156	0.147391	5	358	0.331754	0.164141
sabre.sup_119	0.288838	6	150	1.279439	0.539773
sabre.twi_098	0.158352	4	260	0.379641	0.247387
sabre.sup_073	0.175857	3	279	0.517900	0.363322
sabre.sup_021	0.236283	7	89	1.028953	0.451923
sabre.sup_339	0.264406	12	179	1.056000	0.392157
sabre.sup_225	0.187150	4	138	0.606242	0.296296
sabre.twi_162	0.123976	3	336	0.236111	0.286885
sabre.sup_051	0.175848	3	162	0.603696	0.398844
sabre.sup_067	0.143481	3	287	0.388631	0.289157
sabre.sup_232	0.113713	3	673	0.296682	0.244417
sabre.sup_056	0.203255	5	171	0.737056	0.307692
sabre.twi_154	0.133711	4	133	0.338327	0.216561
sabre.sup_185	0.258170	4	210	0.963608	0.470046
sabre.sup_400	0.170611	4	119	0.571827	0.310811
sabre.sup_200	0.316694	3	134	1.356436	0.518519
sabre.sup_122	0.155052	3	138	0.567123	0.267045
sabre.sup_258	0.214981	5	115	0.810928	0.346774
sabre.sup_371	0.353135	9	47	1.879747	0.636364
sabre.sup_334	0.164871	8	244	0.420053	0.108844
sabre.sup_293	0.253109	3	84	0.944444	0.505618
sabre.sup_197	0.211769	3	159	0.576200	0.381503
sabre.sup_098	0.133929	3	150	0.342920	0.295597
sabre.sup_402	0.156360	4	156	0.387800	0.270115
sabre.sup_030	0.208376	3	84	0.777778	0.448276
sabre.sup_281	0.189473	4	115	0.591304	0.296000
sabre.sup_019	0.234795	3	118	1.053672	0.500000
sabre.sup_421	0.226314	3	449	0.873051	0.432866
sabre.sup_108	0.224794	22	79	0.852339	0.237037
sabre.sup_008	0.399451	3	89	1.912037	0.630435
sabre.sup_135	0.330467	4	200	1.502075	0.645631
sabre.sup_309	0.162175	8	348	0.447732	0.108586
sabre.sup_072	0.216515	8	263	0.808338	0.346939
sabre.sup_153	0.274628	3	256	1.159740	0.573077
sabre.sup_224	0.201101	10	179	0.625403	0.141463
sabre.sup_176	0.225376	11	143	0.847376	0.266990
sabre.twi_103	0.138723	3	198	0.262626	0.300469
sabre.sup_147	0.207933	7	153	0.787669	0.325301
sabre.twi_070	0.146672	6	127	0.290643	0.127517
sabre.sup_120	0.248015	8	140	0.834439	0.315217
sabre.sup_284	0.192547	3	99	0.587248	0.353982
sabre.sup_252	0.163389	5	109	0.386187	0.186567
sabre.sup_102	0.197565	5	161	0.728793	0.321839
sabre.sup_141	0.199393	3	236	0.682203	0.440816
sabre.twi_094	0.139353	8	244	0.348277	0.051351
sabre.twi_026	0.161783	10	155	0.445033	0.095745
sabre.twi_089	0.163542	4	243	0.407382	0.261993
sabre.sup_308	0.132401	6	179	0.284492	0.077586
sabre.sup_412	0.146084	5	183	0.399347	0.128302
sabre.sup_089	0.166133	7	230	0.506909	0.151724
sabre.sup_083	0.405100	4	114	1.953216	0.660870
sabre.sup_347	0.372241	5	537	1.796241	0.616041
sabre.twi_174	0.162683	3	160	0.450000	0.335227
sabre.twi_119	0.143693	6	402	0.304759	0.102941
sabre.sup_216	0.162228	8	296	0.424681	0.110803
sabre.twi_157	0.130581	10	217	0.293434	0.031142
sabre.sup_282	0.441741	4	147	2.267193	0.743421
sabre.sup_286	0.163115	3	108	0.507692	0.333333
sabre.sup_373	0.264109	12	85	1.203892	0.417476
sabre.twi_065	0.134108	3	184	0.283394	0.289340
sabre.sup_329	0.231905	3	679	0.807749	0.459384
sabre.twi_150	0.147830	6	133	0.390633	0.190789
sabre.sup_234	0.221387	4	365	0.920237	0.445293
sabre.twi_181	0.212751	4	86	0.907692	0.323810
sabre.sup_018	0.275736	4	42	1.563025	0.480000
sabre.sup_266	0.169593	11	170	0.467085	0.074561
sabre.twi_173	0.143927	5	237	0.255310	0.187500
sabre.sup_248	0.156357	3	161	0.426804	0.268041
sabre.sup_181	0.172495	9	235	0.514188	0.122112
sabre.sup_112	0.204323	16	110	0.746706	0.219178
sabre.sup_269	0.267998	4	153	1.032609	0.473373
sabre.twi_192	0.179162	15	40	0.732367	0.178571
sabre.twi_151	0.136372	4	179	0.266481	0.193237
sabre.sup_128	0.161122	11	309	0.584072	0.078759
sabre.twi_110	0.184272	3	239	0.621170	0.358491
sabre.sup_360	0.313470	4	42	1.903226	0.568182
sabre.sup_255	0.147772	3	138	0.384058	0.329032
sabre.twi_029	0.127811	3	154	0.306695	0.233696
sabre.sup_193	0.239607	3	373	0.883929	0.408983
sabre.sup_288	0.234334	3	242	0.831044	0.412409
sabre.sup_285	0.257785	9	75	1.184260	0.312500
sabre.twi_075	0.140353	3	227	0.193548	0.276151
sabre.sup_422	0.121067	3	193	0.324138	0.279412
sabre.sup_238	0.181477	18	220	0.566045	0.023188
sabre.sup_189	0.157946	4	245	0.455224	0.300752
sabre.sup_325	0.238688	3	139	1.059809	0.567568
sabre.sup_278	0.164818	14	142	0.710595	0.093960
sabre.sup_253	0.208895	3	80	0.617801	0.435294
sabre.sup_348	0.286718	5	258	1.220588	0.486667
sabre.sup_226	0.193683	5	378	0.641819	0.310905
sabre.sup_326	0.162152	5	231	0.416883	0.178082
sabre.sup_160	0.197011	8	290	0.620639	0.175393
sabre.sup_109	0.111645	5	181	0.413641	0.133891
sabre.sup_219	0.183105	3	357	0.552754	0.428969
sabre.sup_344	0.340428	3	257	1.600519	0.637736
sabre.sup_268	0.330834	3	67	1.448276	0.642857
sabre.sup_165	0.156776	4	602	0.421460	0.269646
sabre.sup_397	0.183308	12	235	0.578764	0.112360
sabre.sup_265	0.217328	7	83	0.795222	0.250000
sabre.twi_061	0.149932	5	80	0.381669	0.202247
sabre.twi_050	0.139004	3	116	0.185507	0.235714
sabre.sup_352	0.175852	7	252	0.498299	0.174721
oxx._140s7	0.334716	101	190	1.514551	0.670996
oxx.___581	0.226672	382	113	1.032393	0.236181
oxx.____60	0.265532	55	99	1.093662	0.385185
oxx._12s70	0.345307	202	125	1.528292	0.573604
oxx._134t4	0.280290	96	137	1.148090	0.448864
oxx._144s2	0.403364	59	187	1.944882	0.711207
oxx.___451	0.257430	159	121	1.019088	0.391026
oxx.12s106	0.339365	252	126	1.486593	0.548223
oxx.136t15	0.530590	141	147	2.645167	0.808140
oxx.____30	0.227854	64	265	0.802278	0.254386
oxx.___588	0.454555	84	58	2.401567	0.628205
oxx._22t60	0.181124	237	116	0.483740	0.000000
oxx.__82t5	0.267894	168	146	1.105267	0.362637
oxx.__35t1	0.415547	50	307	1.982326	0.724044
oxx._267t1	0.844051	4	333	4.461308	0.965116
oxx.12t107	0.322971	263	123	1.389437	0.462312
oxx._498s2	0.459533	25	101	2.231616	0.679389
oxx.104s16	0.348298	71	84	1.596813	0.597938
oxx.___658	0.310270	18	108	1.718310	0.579310
oxx.581t14	0.264310	318	98	1.232890	0.276923
oxx.__86t9	0.776555	20	101	4.024178	0.927928
oxx.___414	0.448824	54	56	2.474527	0.701493
oxx.___137	0.762240	40	193	3.808875	0.922705
oxx.___591	0.566216	7	106	2.698427	0.881818
oxx.136s16	0.473544	219	147	2.289292	0.815951
oxx.__82s4	0.277105	123	147	1.169442	0.428571
oxx._118s1	0.326758	67	73	1.599902	0.577778
oxx._139s4	0.290324	88	123	1.245888	0.487500
oxx._12s57	0.347285	230	125	1.530622	0.560209
oxx._12s84	0.342867	211	128	1.503265	0.549505
oxx.136t30	0.508156	193	146	2.525316	0.802326
oxx._490s5	0.305113	196	178	1.363939	0.485106
oxx.__82s5	0.255215	210	148	1.016734	0.288660
oxx.____89	0.325076	16	81	1.499054	0.611111
oxx._263t5	0.260814	107	493	1.047325	0.502318
oxx._22s46	0.217567	126	107	0.684283	0.159722
oxx._437t7	0.320813	83	137	1.388668	0.478723
oxx._22s55	0.259265	205	127	1.045099	0.322581
oxx.____51	0.255304	54	397	0.987765	0.394990
oxx.___573	0.453126	36	52	2.555191	0.625000
oxx._581t9	0.238529	259	113	1.079615	0.262626
oxx.___410	0.263486	24	171	1.094517	0.512563
oxx.___442	0.561440	16	109	3.056719	0.862903
oxx.____90	0.321364	61	320	1.370129	0.656085
oxx._581s5	0.332163	240	81	1.636701	0.521008
oxx.___116	0.283971	377	204	1.153807	0.434483
oxx._655s1	0.378443	74	89	1.906592	0.527273
oxx._22s56	0.255917	21	97	0.889149	0.258503
oxx.__43t8	0.409644	83	260	1.872618	0.668852
oxx.___669	0.354587	93	60	1.854073	0.563218
oxx.__34t3	0.341416	37	92	1.549013	0.625000
oxx.___468	0.437961	124	167	2.228094	0.659574
oxx.____75	0.256931	206	70	1.262489	0.327731
oxx.___655	0.353871	76	97	1.726206	0.464912
oxx.__78t7	0.326445	40	165	1.362328	0.663265
oxx.___351	0.239835	45	177	0.902880	0.197080
oxx._____9	0.539691	9	110	2.567502	0.780303
oxx._12s55	0.322846	261	124	1.391943	0.513369
oxx.136t24	0.338009	82	154	1.396251	0.650794
oxx.___145	0.541704	22	129	2.739084	0.772727
oxx._468s1	0.443307	120	165	2.277443	0.662393
oxx.__74t3	0.480135	26	427	2.371141	0.863135
oxx._120s1	0.372965	66	102	1.844804	0.697479
oxx.___120	0.343970	73	104	1.641805	0.603175
oxx._22t55	0.199176	195	114	0.577833	0.093168
oxx.__74s2	0.516382	24	418	2.570369	0.876682
oxx.140t11	0.281123	96	195	1.116781	0.466667
oxx._____4	0.205400	119	123	0.609005	0.129412
oxx.__43s6	0.408855	80	260	1.869460	0.668852
oxx._130t2	0.327605	30	99	1.388911	0.521368
oxx.____85	0.380259	64	104	1.667258	0.591241
oxx.___200	0.260392	150	622	1.044238	0.273713
oxx.___294	0.295310	51	216	1.272759	0.584615
oxx.___355	0.298394	111	225	1.305774	0.543796
oxx._78t10	0.201349	100	163	0.631812	0.031111
oxx.___469	0.474051	7	116	2.315349	0.842975
oxx.___113	0.355260	83	156	1.495157	0.495327
oxx._22t48	0.295661	130	123	1.251266	0.512500
oxx.__78s9	0.236946	60	153	0.857398	0.226667
oxx._____8	0.343886	22	185	1.414467	0.592105
oxx.588s27	0.583273	48	51	3.106197	0.742424
oxx._553s5	0.395034	147	133	2.168896	0.555000
oxx.__35t2	0.240796	152	325	0.906873	0.290727
oxx.___136	0.344521	390	152	1.486604	0.540179
oxx.__86s7	0.906029	8	98	4.597158	0.979798
oxx.12t117	0.307804	437	126	1.308262	0.453659
oxx._12s19	0.367298	194	120	1.644047	0.614943
oxx.136t27	0.331328	205	153	1.380144	0.556098
oxx.___553	0.341447	178	138	1.751229	0.530000
oxx.____41	0.270813	400	143	1.141827	0.388393
oxx.__66t4	0.418497	6	118	2.046761	0.777778
oxx._429s8	0.321587	132	65	1.713926	0.488636
oxx.____71	0.273380	181	65	1.135645	0.340909
oxx._186t1	0.353040	99	385	1.638005	0.765237
oxx.12s117	0.303390	445	125	1.278621	0.434146
oxx._12s80	0.332566	240	125	1.440922	0.560847
oxx.___138	0.222391	191	142	0.771360	0.224719
oxx.__51t2	0.284145	47	376	1.185171	0.609375
oxx.____35	0.231109	161	331	0.840990	0.244656
oxx.__24t8	0.427444	46	116	2.164454	0.715232
oxx._140s1	0.366470	94	188	1.713230	0.698690
oxx.__99t1	0.308832	21	134	1.333586	0.581081
oxx.104s13	0.347049	69	84	1.579196	0.551020
oxx.136t25	0.480937	276	146	2.395233	0.725806
oxx._140t8	0.364909	93	190	1.711822	0.705628
oxx.__75s2	0.253934	135	72	1.241378	0.352941
oxx.___706	0.878825	41	46	4.459820	0.836364
oxx.__93s5	0.277211	221	68	1.180152	0.380435
oxx._104s8	0.359080	63	84	1.669813	0.631579
oxx._429s6	0.318566	138	66	1.689251	0.431579
oxx._491s4	0.340496	204	208	1.575562	0.669231
oxx._341s3	0.550015	187	183	2.727810	0.885000
oxx.136s14	0.519858	198	147	2.613991	0.775956
oxx._22t56	0.262459	287	123	1.057432	0.295699
oxx.__57t5	0.392083	56	295	1.895795	0.675070
oxx.____49	0.224358	141	246	0.767375	0.206349
oxx._490t8	0.300605	183	175	1.338465	0.553785
oxx._22s30	0.333981	55	121	1.500289	0.540541
oxx.___9t3	0.907405	6	108	4.571027	0.990826
oxx._22t58	0.194068	214	117	0.554325	0.024691
oxx._22t54	0.287401	18	91	1.080603	0.406780
oxx.104t18	0.333654	67	98	1.435817	0.608696
oxx._491s3	0.346574	194	209	1.609063	0.691406
oxx.__10s8	0.322886	124	165	1.411230	0.573460
oxx.___316	0.452149	44	182	2.372108	0.800948
oxx.___614	0.373219	31	182	1.769923	0.748858
oxx.__43s3	0.414005	76	261	1.893203	0.702614
oxx._451t1	0.298242	92	121	1.259788	0.489933
oxx.__57s1	0.331052	65	214	1.474586	0.524138
oxx._512s1	0.479638	63	158	2.422523	0.757895
oxx.___197	0.272637	187	425	1.166620	0.558416
oxx._12s83	0.343596	220	124	1.513839	0.578125
oxx._140s9	0.290570	145	190	1.214049	0.549784
oxx._10t10	0.317591	133	165	1.365334	0.500000
oxx.___303	0.347862	29	182	1.617425	0.685446
oxx.____61	0.338185	82	219	1.437932	0.436950
oxx._22t44	0.307110	132	111	1.285049	0.413333
oxx._491t6	0.326152	214	217	1.490767	0.644689
oxx.____94	0.362101	46	142	1.666590	0.635870
oxx._620s7	0.480691	95	118	2.500222	0.633136
oxx.__90t2	0.342015	57	319	1.503794	0.691689
oxx.__66t5	0.412032	11	100	1.799629	0.620155
oxx._294t4	0.308661	43	210	1.358004	0.659483
oxx.136s22	0.482965	275	146	2.409156	0.737705
oxx.___249	0.318147	103	292	1.348986	0.588089
oxx._429t9	0.315523	147	66	1.674368	0.442105
oxx._123t2	0.198864	43	141	0.695330	0.096774
oxx.12s112	0.331631	310	128	1.441688	0.509901
oxx.___144	0.324652	76	186	1.418761	0.574803
oxx._498t2	0.496211	22	97	2.504595	0.814815
oxx._294t3	0.296243	48	217	1.265796	0.565385
oxx._140t7	0.293878	138	184	1.220864	0.497835
oxx.____66	0.266472	17	112	1.033422	0.348993
oxx.581s12	0.319690	256	82	1.561767	0.491935
oxx.__57t7	0.278592	82	214	1.133955	0.427562
oxx.___108	0.387917	363	226	1.756705	0.631098
oxx.___104	0.322793	91	84	1.443503	0.554455
oxx._316t3	0.486649	37	170	2.573313	0.770732
oxx.__34s1	0.348781	32	93	1.603169	0.618182
oxx._294s2	0.309513	45	210	1.350838	0.613445
oxx._22t59	0.241185	31	104	0.863420	0.255172
oxx.__24t6	0.472802	43	108	2.443644	0.733813
oxx.____12	0.219967	668	129	0.772514	0.121951
oxx.___4t2	0.482509	21	92	2.449250	0.820755
oxx._12s82	0.351048	212	126	1.548441	0.565445
oxx.___133	0.227096	303	518	0.837640	0.314570
oxx.____14	0.512889	162	64	2.353599	0.571429
oxx._22t49	0.339178	176	115	1.490132	0.569343
oxx.__10t8	0.487227	51	177	2.350351	0.771429
oxx.___132	0.294780	57	196	1.309901	0.482759
oxx.___512	0.432627	79	158	2.147469	0.772973
oxx.581t18	0.226116	334	107	0.989527	0.201005
oxx._144s1	0.404155	55	187	1.918190	0.719828
oxx.____96	0.352379	32	137	1.456008	0.610465
oxx._123s2	0.209862	60	145	0.766322	0.134021
oxx.__39t2	0.422823	33	220	2.071429	0.773438
oxx.136s20	0.517988	201	147	2.600542	0.770492
oxx.____80	0.441446	81	248	2.164613	0.662420
oxx.588t29	0.400392	38	64	2.124843	0.635135
oxx.104s10	0.410643	72	80	1.965481	0.721649
oxx.____42	0.183626	160	303	0.541735	0.002398
oxx._138t2	0.226806	158	142	0.812631	0.271739
oxx._490t6	0.311853	179	168	1.400239	0.558140
oxx._22t42	0.360995	137	117	1.641359	0.605839
oxx.__92t2	0.419761	78	138	2.208833	0.569507
oxx.136t29	0.441895	305	147	2.123109	0.608491
oxx.___106	0.358684	9	409	1.473799	0.532164
oxx.____82	0.238863	295	152	0.897609	0.198198
oxx.__82t7	0.241685	290	151	0.919045	0.242424
oxx._490s4	0.306198	194	177	1.370005	0.480851
oxx._354t1	0.519351	89	149	2.635436	0.816568
oxx._12s74	0.333384	244	122	1.444852	0.526882
oxx.____52	0.302853	61	154	1.316768	0.500000
oxx.581s10	0.304048	222	85	1.422986	0.557522
oxx._22s33	0.797826	36	102	4.133346	0.909910
oxx.581t16	0.323289	132	85	1.536731	0.593220
oxx.__14t1	0.516742	161	64	2.378506	0.615385
oxx.__89s1	0.380305	13	82	1.749880	0.711111
oxx.___186	0.335180	111	397	1.525249	0.696907
oxx._22t40	0.212745	168	110	0.665791	0.159722
oxx._553s6	0.344160	172	138	1.769299	0.545918
oxx._658t1	0.370158	16	88	2.074735	0.673267
oxx.140t10	0.289779	146	190	1.208673	0.554113
oxx._581s4	0.312688	221	82	1.476467	0.564815
oxx.___263	0.239908	133	488	0.919003	0.355487
oxx._263t3	0.286632	58	489	1.245601	0.519320
oxx._134s4	0.287527	126	134	1.235485	0.457317
oxx._431s1	0.433960	23	67	1.976359	0.736842
oxx.581s14	0.297950	232	85	1.401756	0.594595
oxx._104s6	0.342337	61	98	1.502036	0.639640
oxx._86t10	0.720141	21	103	3.673592	0.850000
oxx._22s38	0.307193	133	112	1.287080	0.441379
oxx._116t1	0.387392	246	184	1.870311	0.718310
oxx.___415	0.436799	41	47	2.206760	0.614035
oxx._137t4	0.791294	39	193	3.962078	0.965174
oxx.____39	0.256148	72	201	1.028340	0.292969
oxx.___267	0.656239	6	344	3.303827	0.898667
oxx.___488	0.423004	102	120	2.126521	0.687500
oxx._22t39	0.771024	39	104	3.981066	0.927928
oxx.___433	0.360914	118	69	1.970588	0.559140
oxx._139s6	0.249441	123	130	1.001425	0.375758
oxx._429s9	0.311099	140	68	1.644091	0.484211
oxx._22s24	0.342189	43	111	1.502110	0.666667
oxx.____99	0.254993	28	135	0.952877	0.293413
oxx.__24t4	0.586762	22	132	3.116875	0.821656
oxx.620t12	0.448361	111	118	2.297991	0.615385
oxx._22t53	0.274567	284	116	1.115038	0.363057
oxx.__57t8	0.227174	108	225	0.792884	0.208609
oxx.__41t2	0.275318	393	142	1.178125	0.491620
oxx._307t6	0.251073	135	346	0.955003	0.372141
oxx.___437	0.318414	85	137	1.374264	0.473404
oxx.__66t1	0.838763	5	107	4.312792	0.972477
oxx._553s2	0.359221	160	137	1.876709	0.561856
oxx.__85s2	0.558618	20	105	2.767301	0.826087
oxx.581s18	0.227410	378	114	1.037333	0.241206
oxx.__92s2	0.428570	83	129	2.264029	0.529680
oxx.__30t3	0.289634	39	273	1.239017	0.509317
oxx.104t17	0.332487	86	83	1.508430	0.574257
oxx.__92t3	0.399019	91	140	2.073276	0.554113
oxx._197t3	0.276275	177	428	1.187546	0.588119
oxx.___134	0.266292	142	136	1.082677	0.412429
oxx.12t109	0.325134	340	124	1.401849	0.480198
oxx.__93s4	0.277343	158	68	1.159626	0.378049
oxx._200t2	0.283893	77	627	1.176698	0.436314
oxx.620t11	0.436225	68	122	2.211622	0.647059
oxx._307s4	0.279116	70	344	1.138261	0.478170
oxx._676s4	0.552284	51	50	3.219232	0.646154
oxx.____22	0.185008	524	124	0.536628	0.015464
oxx.588s25	0.516930	53	52	2.711147	0.862069
oxx.12t113	0.320083	362	124	1.375661	0.460396
oxx.__78t5	0.325241	38	166	1.346993	0.628713
oxx.___121	0.237595	53	197	0.871724	0.305785
oxx._22t47	0.206773	167	111	0.634833	0.138889
oxx.____10	0.251036	196	186	0.946440	0.314176
oxx._133t1	0.264005	78	439	1.013887	0.422018
oxx.___587	0.446101	132	88	2.596007	0.650943
oxx.136s32	0.329027	249	153	1.368158	0.536585
oxx.__61s2	0.393078	67	203	1.830639	0.706383
oxx.__19t1	0.221390	21	123	0.783714	0.248485
oxx.581t17	0.293776	224	81	1.400378	0.537736
oxx.12s103	0.340659	257	127	1.490785	0.519802
oxx.____54	0.253358	45	100	0.962125	0.274809
oxx._104s7	0.398380	61	83	1.840389	0.688172
oxx._22t50	0.303384	136	112	1.265034	0.424658
oxx.____74	0.397983	30	438	1.820752	0.691882
oxx.___676	0.445301	89	49	2.498446	0.560000
oxx._137s3	0.802516	39	196	4.020748	0.945274
oxx.__82t6	0.252464	236	150	1.002851	0.292929
oxx._12s64	0.339868	221	127	1.491696	0.522613
oxx.__75t2	0.260580	204	69	1.291412	0.327731
oxx.___431	0.389710	36	68	1.689391	0.675000
oxx._136s8	0.520759	202	145	2.619118	0.888889
oxx.___236	0.371866	67	165	1.668576	0.671498
oxx.___620	0.429721	119	119	2.186961	0.627219
oxx.___8t2	0.431072	17	177	1.948378	0.793814
oxx._22t45	0.314637	122	123	1.372031	0.522581
oxx.__78t9	0.242728	75	162	0.894551	0.320574
oxx.____78	0.177004	143	181	0.503927	0.000000
oxx._22s36	0.332164	100	123	1.467432	0.546053
oxx.__10s3	0.506153	47	177	2.454995	0.780952
oxx._22s41	0.318251	118	123	1.393098	0.496774
oxx.12t116	0.322015	324	127	1.385188	0.492683
oxx.__52t1	0.412409	44	151	2.097516	0.652850
oxx.__78t1	0.370924	35	141	1.796804	0.710059
oxx.____93	0.271330	257	68	1.133716	0.290598
oxx.___388	0.329621	111	130	1.426193	0.571429
oxx.___332	0.320989	97	153	1.479480	0.567708
oxx.___140	0.279880	162	191	1.135911	0.452675
oxx._134t2	0.318138	80	136	1.404381	0.549383
oxx._12s49	0.346102	229	126	1.522393	0.564767
oxx.12s107	0.326790	334	124	1.413736	0.495050
oxx.12t118	0.210480	152	122	0.710160	0.181250
oxx.___119	0.289284	98	248	1.226165	0.519108
oxx._22s53	0.318667	12	97	1.316031	0.463415
oxx.____62	0.237638	51	73	0.825490	0.259615
oxx._341s4	0.554624	187	184	2.747500	0.885000
oxx._139s2	0.282736	92	122	1.228637	0.490798
oxx.___150	0.426768	26	367	1.983067	0.820388
oxx.___256	0.268385	22	348	1.113155	0.383178
oxx.__66s5	0.334148	11	119	1.386056	0.657143
oxx.581t13	0.263862	319	98	1.231466	0.282051
oxx.___341	0.550288	191	184	2.727217	0.885000
oxx.__92t4	0.404366	94	135	2.104595	0.542222
oxx.___394	0.481415	22	121	2.344890	0.797101
oxx._22s34	0.389711	108	112	1.813298	0.663934
oxx.__78t8	0.282920	25	150	1.048792	0.437186
oxx.__19s1	0.257810	22	115	0.994770	0.339744
oxx._249t2	0.338741	97	283	1.460092	0.681440
oxx.___307	0.257774	155	344	0.994539	0.397089
oxx._437s2	0.323877	73	137	1.402076	0.494681
oxx._12s81	0.335626	230	122	1.458462	0.532258
oxx.___429	0.308858	147	68	1.628822	0.473684
oxx.581s15	0.237766	335	116	1.098329	0.256281
oxx._22s18	0.314453	78	123	1.354974	0.524138
oxx.__66s3	0.549568	5	116	2.865236	0.860656
oxx.581s11	0.288476	193	126	1.336278	0.417085
oxx.__39t1	0.441793	26	207	2.165259	0.737052
oxx._12s77	0.334558	258	127	1.458019	0.546392
oxx.____34	0.308127	91	87	1.210167	0.478992
oxx.___471	0.358590	40	115	1.537206	0.609929
oxx.__82s2	0.274205	103	146	1.146329	0.406593
oxx._78s10	0.213938	83	193	0.712498	0.043137
oxx._12s58	0.339500	229	124	1.479809	0.531579
oxx._12s45	0.344984	224	123	1.514226	0.578378
oxx.12t108	0.330882	291	127	1.444240	0.532995
oxx.___127	0.283240	66	156	1.272398	0.468085
oxx.____86	0.565944	25	109	2.616123	0.629630
oxx.136s19	0.519102	206	145	2.614492	0.888889
oxx.____84	0.574832	85	139	2.850026	0.825301
oxx._12s59	0.327618	253	123	1.416704	0.475248
oxx.__82s3	0.278850	133	142	1.172134	0.407821
oxx.____76	0.380367	130	105	1.847118	0.594595
oxx.____19	0.212890	26	125	0.710222	0.163636
oxx.____92	0.389061	101	132	2.028274	0.515556
oxx.___118	0.285299	96	76	1.316278	0.425743
oxx.___226	0.332809	56	364	1.555937	0.688095
oxx.__93t7	0.275491	251	67	1.162541	0.369565
oxx.___126	0.264869	37	282	1.023156	0.406940
oxx.588t28	0.526301	73	51	2.784550	0.742424
oxx._525t1	0.768010	5	147	3.968908	0.898734
oxx.__86s8	0.709617	12	100	3.722139	0.932039
oxx.__57s7	0.326307	65	293	1.487626	0.619444
oxx.____24	0.337964	68	127	1.560833	0.644068
oxx._132t1	0.301420	46	203	1.356633	0.528736
oxx.___123	0.198525	76	146	0.678237	0.061856
oxx.__57t4	0.313086	73	211	1.369180	0.477032
oxx.___139	0.241946	134	129	0.954368	0.280702
oxx._351t1	0.338608	22	187	1.456574	0.448905
oxx.___112	0.490619	49	134	2.398079	0.821656
oxx._437s5	0.322564	79	137	1.397909	0.489362
oxx._676s5	0.552571	62	49	3.237145	0.661290
oxx.___160	0.300333	68	282	1.316568	0.590395
oxx._12t82	0.277282	82	118	1.108309	0.385093
oxx.____57	0.209581	116	274	0.759592	0.128852
oxx.___490	0.287240	215	187	1.256294	0.442231
oxx.__61t3	0.408132	66	192	1.901657	0.743243
oxx.104s14	0.386805	67	83	1.758195	0.637255
oxx.___235	0.439108	147	188	2.156069	0.657480
oxx.136t21	0.465183	227	147	2.237567	0.815951
oxx.___397	0.544657	14	94	2.775143	0.767241
oxx.__24t7	0.446061	44	114	2.290931	0.776978
oxx._134t3	0.293980	119	132	1.272990	0.453988
oxx.12s108	0.331733	276	127	1.447453	0.530612
oxx._22s35	0.307442	127	111	1.291340	0.468966
oxx.12t119	0.243597	586	128	0.924643	0.180488
oxx.___248	0.416231	64	220	1.992196	0.700730
oxx._139t6	0.263552	107	123	1.098184	0.411043
oxx._491s6	0.333653	214	206	1.524845	0.646840
oxx.____46	0.230184	46	92	0.847758	0.207407
oxx.__85t3	0.489022	23	101	2.342673	0.798319
oxx._10t11	0.307126	142	169	1.299129	0.520362
oxx.____43	0.299509	131	331	1.142438	0.383929
oxx._12s71	0.349903	202	126	1.548135	0.576087
oxx._490t7	0.293975	207	186	1.296657	0.480687
oxx.___491	0.332403	217	206	1.517079	0.637037
oxx.___354	0.335525	143	158	1.420457	0.560386
oxx.___115	0.272376	55	154	0.994175	0.312217
oxx.___502	0.326188	79	113	1.524088	0.568345
oxx._130t3	0.309677	33	78	1.217975	0.511111
oxx.___130	0.287761	43	95	1.162981	0.452991
oxx._488s2	0.415222	99	128	2.064065	0.676829
oxx.__10t9	0.356515	95	170	1.656766	0.666667
oxx._10s10	0.315041	132	173	1.384401	0.589744
oxx.__80t1	0.496891	74	244	2.507985	0.715686
oxx.___4t3	0.407544	24	96	1.904954	0.611511
oxx._10t13	0.297549	154	173	1.258688	0.580786
oxx.___370	0.340177	21	124	1.463977	0.604317
oxx.12t110	0.340938	247	128	1.493415	0.529703
oxx.___498	0.452700	27	100	2.206858	0.682171
oxx.___525	0.469130	15	144	2.237528	0.766082
oxx._442s1	0.555713	15	109	3.019258	0.870968
oxx.__30t2	0.356422	22	249	1.517443	0.614334
oxx._414s2	0.457698	48	57	2.499761	0.686567
oxx.136s31	0.434052	310	148	2.073458	0.603774
oxx._22s44	0.211712	113	113	0.663048	0.152778
ox._140s7	0.436345	3	172	2.106589	0.689655
ox.___581	0.296877	21	93	1.421985	0.552846
ox.____60	0.202107	3	90	0.595588	0.404255
ox._12s70	0.780910	3	115	3.945245	0.922414
ox._134t4	0.368539	4	125	1.579228	0.661538
ox._144s2	0.621992	4	172	3.336548	0.896552
ox.___451	0.408187	5	107	1.955975	0.700855
ox.12s106	0.579087	9	120	2.865494	0.864000
ox.136t15	0.564444	3	150	2.617778	0.726667
ox.____30	0.486837	6	248	2.344466	0.691176
ox.___588	0.706417	32	46	3.697839	0.657143
ox._22t60	0.168057	14	103	0.421602	0.022059
ox.__82t5	0.337783	7	126	1.457647	0.552239
ox.__35t1	0.414903	3	278	2.082536	0.686833
ox._267t1	0.843398	3	324	4.447071	0.917431
ox.12t107	0.620673	6	112	3.117438	0.834783
ox._498s2	0.540733	3	99	2.848485	0.831683
ox.104s16	0.564865	5	74	2.907357	0.783784
ox.___658	0.398846	4	101	2.036066	0.579365
ox.581t14	0.449139	10	81	2.301256	0.619469
ox.__86t9	0.706981	10	98	3.679214	0.979798
ox.___414	0.601811	6	53	3.604743	0.796296
ox.___137	0.575932	7	181	2.747601	0.821622
ox.___591	0.923318	3	103	4.443730	0.961905
ox.136s16	0.804939	10	152	4.134706	0.980519
ox.__82s4	0.452786	4	126	2.018397	0.699248
ox._118s1	0.627894	3	65	3.316327	0.878788
ox._139s4	0.504834	4	107	2.637209	0.718182
ox._12s57	0.784708	3	122	3.806540	0.878049
ox._12s84	0.645119	4	124	3.049598	0.806202
ox.136t30	0.363256	5	157	1.610625	0.660714
ox._490s5	0.515713	5	158	2.519817	0.802469
ox.__82s5	0.382760	4	129	1.671815	0.678832
ox.____89	0.248332	4	79	1.062762	0.402299
ox._263t5	0.437183	6	435	2.056304	0.761702
ox._22s46	0.269828	3	91	1.047619	0.521739
ox._437t7	0.392787	9	135	1.835459	0.673759
ox._22s55	0.442628	37	104	2.090752	0.740157
ox.____51	0.211927	5	394	0.769445	0.317427
ox.___573	0.535829	4	45	3.163158	0.739130
ox._581t9	0.419125	6	111	2.037702	0.634146
ox.___410	0.947812	3	140	4.833333	0.992958
ox.___442	0.656645	4	107	3.652713	0.908257
ox.____90	0.206677	5	308	0.605882	0.331269
ox._581s5	0.852604	4	71	4.402439	0.958904
ox.___116	0.350712	5	191	1.392075	0.595652
ox._655s1	0.479878	3	81	2.704918	0.695122
ox._22s56	0.198875	4	92	0.597122	0.367925
ox.__43t8	0.511723	9	252	2.422245	0.832685
ox.___669	0.438834	4	56	2.421222	0.603448
ox.__34t3	0.462074	5	88	2.306818	0.786517
ox.___468	0.611455	5	153	3.256081	0.897436
ox.____75	0.319375	5	70	1.529244	0.518519
ox.___655	0.425418	4	83	2.282565	0.693182
ox.__78t7	0.552408	4	155	2.664163	0.881250
ox.___351	0.347423	4	173	1.501438	0.670391
ox._____9	0.712906	6	109	3.474069	0.929825
ox._12s55	0.797771	7	109	4.069338	0.852174
ox.136t24	0.252944	3	146	0.902050	0.486486
ox.___145	0.915942	3	115	4.631884	0.921739
ox._468s1	0.713852	3	152	3.783843	0.928105
ox.__74t3	0.465624	5	396	2.204895	0.757426
ox._120s1	0.357479	3	91	1.671533	0.666667
ox.___120	0.331676	4	92	1.534420	0.606383
ox._22t55	0.233888	8	101	0.778989	0.314050
ox.__74s2	0.640656	3	391	3.281090	0.895674
ox.140t11	0.287830	4	180	1.141144	0.526596
ox._____4	0.272149	7	101	1.035000	0.418803
ox.__43s6	0.602346	6	249	2.914056	0.916335
ox._130t2	0.484301	3	86	2.154206	0.761364
ox.____85	0.433306	6	99	1.915541	0.650485
ox.___200	0.397555	5	564	1.794931	0.684654
ox.___294	0.375058	7	193	1.796306	0.682692
ox.___355	0.275569	4	201	1.124897	0.506912
ox._78t10	0.232256	11	158	0.787740	0.275132
ox.___469	0.427463	3	113	2.061947	0.719298
ox.___113	0.330578	4	155	1.377540	0.595376
ox._22t48	0.485386	14	106	2.429355	0.848214
ox.__78s9	0.276277	7	147	0.998057	0.389830
ox._____8	0.531242	5	169	2.116328	0.651163
ox.588s27	0.887383	15	45	4.859761	0.867925
ox._553s5	0.565005	3	123	3.211382	0.709677
ox.__35t2	0.277256	4	297	1.118967	0.506289
ox.___136	0.285799	35	154	1.102637	0.491713
ox.__86s7	0.921741	7	98	4.684598	0.979798
ox.12t117	0.380915	115	119	1.750024	0.702703
ox._12s19	0.906552	3	110	4.484940	0.927928
ox.136t27	0.200985	6	151	0.597669	0.267081
ox.___553	0.478808	9	124	2.784138	0.742424
ox.____41	0.617967	5	144	2.872157	0.716763
ox.__66t4	0.265521	4	116	1.133429	0.536000
ox._429s8	0.374193	3	58	2.143678	0.593220
ox.____71	0.304406	3	59	1.264045	0.583333
ox._186t1	0.948792	3	345	4.701449	0.959420
ox.12s117	0.381234	115	119	1.747948	0.695946
ox._12s80	0.694748	4	112	3.435746	0.878261
ox.___138	0.466814	5	123	2.211268	0.769231
ox.__51t2	0.260592	4	357	1.084888	0.496144
ox.____35	0.228200	5	316	0.798165	0.382920
ox.__24t8	0.304769	6	121	1.454196	0.478261
ox._140s1	0.679567	3	170	3.511719	0.923977
ox.__99t1	0.512790	3	131	2.559494	0.785185
ox.104s13	0.657658	4	74	3.362613	0.918919
ox.136t25	0.475934	12	147	2.288523	0.818750
ox._140t8	0.631382	5	178	3.262124	0.916230
ox.__75s2	0.281379	3	75	1.442478	0.456790
ox.___706	0.903649	39	46	4.582420	0.938776
ox.__93s5	0.356367	5	60	1.815217	0.646154
ox._104s8	0.774775	3	74	3.966292	0.959459
ox._429s6	0.919511	8	57	5.161928	1.000000
ox._491s4	0.538486	4	173	2.823416	0.818182
ox._341s3	0.674747	3	165	3.432323	0.824242
ox.136s14	0.784932	5	146	4.007283	0.924658
ox._22t56	0.351614	49	104	1.565836	0.651163
ox.__57t5	0.254176	3	251	1.005312	0.532075
ox.____49	0.156863	3	229	0.407837	0.337449
ox._490t8	0.307821	4	168	1.289362	0.581006
ox._22s30	0.796159	5	104	4.076923	0.933962
ox.___9t3	0.959273	5	107	4.844294	0.990826
ox._22t58	0.200850	10	105	0.592788	0.193798
ox._22t54	0.254854	3	80	0.937759	0.390244
ox.104t18	0.611628	5	86	2.987132	0.860465
ox._491s3	0.463024	3	179	2.158287	0.730769
ox.__10s8	0.419942	3	150	2.106195	0.684211
ox.___316	0.500742	6	165	2.662899	0.873563
ox.___614	0.466279	3	165	2.340040	0.796407
ox.__43s3	0.899134	3	247	4.462988	0.975806
ox._451t1	0.627403	3	105	3.255521	0.905660
ox.__57s1	0.450413	3	204	2.233660	0.769231
ox._512s1	0.654816	3	151	3.281319	0.894737
ox.___197	0.574222	6	412	2.794731	0.946882
ox._12s83	0.750585	6	113	3.864387	0.938596
ox._140s9	0.413904	9	175	2.065025	0.722513
ox._10t10	0.348249	4	152	1.616667	0.595092
ox.___303	0.388572	3	162	1.917864	0.710059
ox.____61	0.423776	7	214	1.865688	0.640741
ox._22t44	0.777974	20	99	3.912850	0.923810
ox._491t6	0.379900	8	180	1.775821	0.663265
ox.____94	0.534746	3	123	2.878049	0.814516
ox._620s7	0.908801	8	109	4.839231	0.982143
ox.__90t2	0.246471	3	299	0.803115	0.457413
ox.__66t5	0.493528	4	103	2.420712	0.902913
ox._294t4	0.401898	3	192	1.906574	0.713568
ox.136s22	0.529648	11	146	2.635298	0.843750
ox.___249	0.360981	6	309	1.506359	0.562327
ox._429t9	0.642838	11	57	3.614272	0.950000
ox._123t2	0.144069	3	143	0.377622	0.292208
ox.12s112	0.508286	54	122	2.509711	0.763359
ox.___144	0.448742	5	175	2.132537	0.771739
ox._498t2	0.556738	3	94	2.804965	0.840426
ox._294t3	0.557913	4	182	2.709854	0.823529
ox._140t7	0.339093	4	168	1.645017	0.672515
ox.____66	0.231477	8	114	0.887457	0.365672
ox.581s12	0.578806	6	72	3.122651	0.891892
ox.__57t7	0.221056	6	206	0.760943	0.339056
ox.___108	0.449128	3	213	1.957813	0.728507
ox.___104	0.349639	21	79	1.599835	0.626374
ox._316t3	0.621685	4	159	3.290188	0.866667
ox.__34s1	0.700627	3	87	3.646226	0.920455
ox._294s2	0.761639	3	179	3.824954	0.921788
ox._22t59	0.187794	4	91	0.568556	0.256410
ox.__24t6	0.600816	3	99	3.214765	0.800000
ox.____12	0.355275	122	120	1.595230	0.604938
ox.___4t2	0.569217	4	86	2.995680	0.897727
ox._12s82	0.697623	5	123	3.371961	0.834646
ox.___133	0.205483	4	457	0.734159	0.389558
ox.____14	0.211338	4	70	0.751412	0.432099
ox._22t49	0.379353	12	99	1.717094	0.618182
ox.__10t8	0.705843	5	161	3.457355	0.907407
ox.___132	0.368512	4	195	1.716596	0.681159
ox.___512	0.543706	4	151	2.721366	0.815789
ox.581t18	0.245621	11	103	1.114109	0.390244
ox._144s1	0.730575	3	171	3.904854	0.953488
ox.____96	0.361711	3	130	1.446154	0.678571
ox._123s2	0.141274	3	139	0.345324	0.324138
ox.__39t2	0.643712	4	192	3.148052	0.921951
ox.136s20	0.674886	6	146	3.433805	0.924658
ox.____80	0.276391	5	238	1.292069	0.553114
ox.588t29	0.534722	3	58	2.625000	0.687500
ox.104s10	0.695087	5	73	3.600871	0.891892
ox.____42	0.130001	5	299	0.322419	0.123944
ox._138t2	0.620946	4	119	3.223529	0.943089
ox._490t6	0.381078	3	158	1.855042	0.648148
ox._22t42	0.479897	6	101	2.317630	0.780952
ox.__92t2	0.897850	3	124	4.849463	1.000000
ox.136t29	0.407315	23	150	1.780764	0.719512
ox.___106	0.210643	3	408	0.567347	0.374439
ox.____82	0.243985	11	143	0.870746	0.269841
ox.__82t7	0.295837	9	130	1.194320	0.487013
ox._490s4	0.559886	4	158	2.854890	0.819876
ox._354t1	0.640134	3	139	3.303103	0.871429
ox._12s74	0.833062	7	107	4.154438	0.954128
ox.____52	0.377154	4	143	1.765734	0.664474
ox.581s10	0.727012	4	83	3.569536	0.910112
ox._22s33	0.743071	5	96	3.763039	0.909091
ox.581t16	0.255495	3	85	1.108949	0.549451
ox.__14t1	0.253824	3	63	0.968254	0.500000
ox.__89s1	0.300884	3	82	1.223577	0.528736
ox.___186	0.592359	4	385	2.643629	0.832558
ox._22t40	0.316575	5	93	1.378610	0.635417
ox._553s6	0.610683	6	122	3.633297	0.840000
ox._658t1	0.601424	3	79	3.546218	0.850000
ox.140t10	0.382147	10	174	1.867818	0.696335
ox._581s4	0.876693	3	78	4.421052	0.950000
ox.___263	0.321608	8	446	1.387812	0.619145
ox._263t3	0.696618	4	404	3.711990	0.902200
ox._134s4	0.350599	6	124	1.642817	0.596899
ox._431s1	0.968254	3	63	5.328043	0.984127
ox.581s14	0.556900	5	82	2.848780	0.831461
ox._104s6	0.868217	3	86	4.244186	0.918605
ox._86t10	0.618664	11	101	3.096143	0.849558
ox._22s38	0.776420	21	99	3.917427	0.923810
ox._116t1	0.784467	3	162	3.991786	0.969880
ox.___415	0.604762	4	43	3.088123	0.800000
ox._137t4	0.707923	6	180	3.521959	0.850829
ox.____39	0.446065	5	193	2.027334	0.781395
ox.___267	0.573719	4	329	2.785931	0.857558
ox.___488	0.576741	5	112	3.142081	0.885965
ox._22t39	0.602359	6	96	3.067220	0.888889
ox.___433	0.417380	3	64	2.479382	0.720588
ox._139s6	0.414311	5	112	1.883333	0.728814
ox._429s9	0.783937	9	58	4.201242	0.934426
ox._22s24	0.867895	3	101	4.425743	0.911765
ox.____99	0.355821	4	130	1.574169	0.614815
ox.__24t4	0.739523	5	128	3.893716	0.899225
ox.620t12	0.691819	12	109	3.716906	0.905983
ox._22t53	0.356554	48	104	1.588557	0.714286
ox.__57t8	0.186820	8	212	0.589631	0.174274
ox.__41t2	0.932199	4	127	4.552597	0.976562
ox._307t6	0.655081	8	277	3.308693	0.923345
ox.___437	0.363603	10	135	1.662847	0.638298
ox.__66t1	0.857605	3	103	4.430421	0.961165
ox._553s2	0.844086	3	124	4.943548	0.967742
ox.__85s2	0.694158	3	97	3.563574	0.824742
ox.581s18	0.314114	19	95	1.493343	0.560976
ox.__92s2	0.795421	4	122	4.300547	0.991935
ox.__30t3	0.661713	5	246	3.373885	0.757353
ox.104t17	0.407513	16	74	1.987206	0.766234
ox.__92t3	0.520863	5	127	2.887337	0.862595
ox._197t3	0.884430	4	414	4.433172	0.983491
ox.___134	0.298780	7	125	1.300551	0.515152
ox.12t109	0.585151	53	111	2.956599	0.860656
ox.__93s4	0.278689	3	60	2.153226	0.704918
ox._200t2	0.569083	3	548	2.854015	0.794595
ox.620t11	0.496852	3	123	2.436658	0.785714
ox._307s4	0.831636	5	275	4.137455	0.978182
ox._676s4	0.937984	3	43	5.583333	0.953488
ox.____22	0.268694	63	107	1.023710	0.303797
ox.588s25	0.923932	14	44	4.902221	0.957447
ox.12t113	0.555795	59	111	2.769277	0.852459
ox.__78t5	0.829027	3	152	4.227571	0.980392
ox.___121	0.297911	4	191	1.147469	0.439252
ox._22t47	0.300315	6	95	1.312964	0.514286
ox.____10	0.293633	16	164	1.208004	0.473214
ox._133t1	0.227036	3	424	0.847604	0.457944
ox.___587	0.643775	4	77	3.742489	0.851852
ox.136s32	0.199683	8	155	0.613971	0.232044
ox.__61s2	0.742565	4	171	3.892233	0.915254
ox.__19t1	0.411821	3	111	1.488024	0.603448
ox.581t17	0.216103	5	81	0.898409	0.362637
ox.12s103	0.626997	19	123	3.015908	0.800000
ox.____54	0.146488	3	89	0.303371	0.333333
ox._104s7	0.824201	4	73	4.193989	0.945205
ox._22t50	0.733255	22	100	3.693012	0.923810
ox.____74	0.359219	6	416	1.537920	0.600427
ox.___676	0.643516	10	43	4.132714	0.909091
ox._137s3	0.761777	5	180	3.796020	0.850829
ox.__82t6	0.313734	8	129	1.304801	0.512987
ox._12s64	0.783498	4	120	3.915575	0.880000
ox.__75t2	0.386201	4	62	1.898876	0.474359
ox.___431	0.591894	5	64	3.066874	0.923077
ox._136s8	0.865248	4	141	4.378251	0.936170
ox.___236	0.399195	3	145	1.949541	0.698630
ox.___620	0.548668	15	116	2.851306	0.814815
ox.___8t2	0.794528	4	156	4.017003	0.943396
ox._22t45	0.523180	13	106	2.671197	0.880734
ox.__78t9	0.341385	7	155	1.400734	0.623595
ox.____78	0.206521	13	166	0.618016	0.147619
ox._22s36	0.778396	7	106	3.969114	0.953704
ox.__10s3	0.760064	4	161	3.710608	0.919753
ox._22s41	0.567032	12	106	2.921209	0.853211
ox.12t116	0.486664	56	122	2.371516	0.673611
ox.__52t1	0.605392	3	136	3.340686	0.852941
ox.__78t1	0.674541	3	127	3.472441	0.881890
ox.____93	0.302019	10	65	1.438493	0.404494
ox.___388	0.359882	3	111	3.344828	0.884956
ox.___332	0.323011	3	137	1.515815	0.565517
ox.___140	0.293630	14	178	1.259557	0.512690
ox._134t2	0.568306	3	122	2.827869	0.795082
ox._12s49	0.830133	5	120	4.115161	0.909836
ox.12s107	0.609012	50	111	3.122351	0.852459
ox.12t118	0.171582	4	113	0.467905	0.276423
ox.___119	0.460295	3	225	1.840473	0.722222
ox._22s53	0.267228	3	96	0.668203	0.471698
ox.____62	0.359364	4	87	1.514286	0.626263
ox._341s4	0.683124	4	170	3.441724	0.847953
ox._139s2	0.785826	3	108	4.027607	0.875000
ox.___150	0.719138	4	321	3.737170	0.900929
ox.___256	0.260590	4	323	1.119465	0.480114
ox.__66s5	0.271650	7	116	1.065493	0.447761
ox.581t13	0.463785	9	82	2.311499	0.654867
ox.___341	0.591873	7	168	2.990352	0.894737
ox.__92t4	0.523557	6	126	2.833811	0.877863
ox.___394	0.558697	3	111	2.939940	0.830357
ox._22s34	0.744108	4	99	4.040404	0.868687
ox.__78t8	0.343524	4	140	1.396919	0.578231
ox.__19s1	0.437123	3	108	1.703704	0.642857
ox._249t2	0.440400	3	248	2.044295	0.762846
ox.___307	0.585109	9	280	2.904531	0.900685
ox._437s2	0.631043	3	131	3.150127	0.809160
ox._12s81	0.766528	4	107	3.897112	0.935185
ox.___429	0.574404	12	58	3.294135	0.888889
ox.581s15	0.346716	13	99	1.724217	0.593496
ox._22s18	0.936119	5	106	4.723684	0.972222
ox.__66s3	0.371382	3	112	1.831361	0.739130
ox.581s11	0.546890	6	108	2.740765	0.798165
ox.__39t1	0.912266	3	182	4.638026	0.994536
ox._12s77	0.725781	11	121	3.567695	0.888000
ox.____34	0.353566	6	89	1.664050	0.666667
ox.___471	0.703332	4	105	3.644444	0.943396
ox.__82s2	0.581730	3	128	2.679688	0.774436
ox._78s10	0.330653	6	177	1.286894	0.523810
ox._12s58	0.779279	4	111	3.968491	0.900901
ox._12s45	0.888789	13	112	4.607696	0.964912
ox.12t108	0.526092	38	121	2.622457	0.801527
ox.___127	0.446561	3	130	1.892308	0.695035
ox.____86	0.509041	13	106	2.380379	0.717557
ox.136s19	0.718445	5	141	3.658416	0.929577
ox.____84	0.771653	3	127	3.902887	0.905512
ox._12s59	0.782438	6	107	3.856096	0.981651
ox.__82s3	0.506242	3	122	2.334239	0.723577
ox.____76	0.581633	4	98	3.091418	0.846939
ox.____19	0.287120	4	115	0.869632	0.425373
ox.____92	0.440715	7	125	2.265619	0.812030
ox.___118	0.505006	4	67	2.732010	0.814286
ox.___226	0.876382	3	319	4.421108	0.950769
ox.__93t7	0.324583	9	60	1.576498	0.584615
ox.___126	0.424126	3	269	1.570545	0.621528
ox.588t28	0.789251	29	45	4.239013	0.851852
ox._525t1	0.753488	3	136	3.931540	0.928571
ox.__86s8	0.845118	3	99	4.350168	0.969697
ox.__57s7	0.169210	5	246	0.489647	0.254613
ox.____24	0.311209	11	133	1.392129	0.579882
ox._132t1	0.464507	3	199	2.196995	0.734300
ox.___123	0.145680	5	139	0.363376	0.175325
ox.__57t4	0.362897	4	198	1.775630	0.665094
ox.___139	0.344078	9	111	1.508518	0.658333
ox._351t1	0.485740	3	173	2.351248	0.785311
ox.___112	0.424484	3	135	1.842752	0.711268
ox._437s5	0.461975	6	135	2.237129	0.755396
ox._676s5	0.937984	3	43	5.710000	0.976744
ox.___160	0.512407	3	257	2.539457	0.662791
ox._12t82	0.941176	3	102	4.794117	0.990196
ox.____57	0.168644	11	227	0.466184	0.050725
ox.___490	0.330098	11	165	1.537529	0.627551
ox.__61t3	0.651556	5	171	3.367501	0.860335
ox.104s14	0.644749	6	73	3.267735	0.890411
ox.___235	0.605054	3	180	3.121771	0.840659
ox.136t21	0.732284	11	152	3.724519	0.980519
ox.___397	0.522154	3	96	2.663194	0.783019
ox.__24t7	0.420813	4	106	2.134585	0.730435
ox._134t3	0.463012	3	123	2.393531	0.705426
ox.12s108	0.622033	26	121	3.085140	0.837209
ox._22s35	0.838322	18	99	4.200725	0.951923
ox.12t119	0.366736	119	119	1.663208	0.682432
ox.___248	0.563088	4	192	2.763021	0.852041
ox._139t6	0.425336	7	109	2.144557	0.695652
ox._491s6	0.462681	6	176	2.341372	0.802139
ox.____46	0.146513	3	87	0.389313	0.346939
ox.__85t3	0.621224	4	96	3.163511	0.907216
ox._10t11	0.304400	6	155	1.269248	0.564417
ox.____43	0.392474	11	295	1.551505	0.464824
ox._12s71	0.732691	4	120	3.606648	0.892562
ox._490t7	0.445877	7	162	2.334576	0.812865
ox.___491	0.383726	9	179	1.851840	0.673469
ox.___354	0.435028	4	143	1.957126	0.695364
ox.___115	0.316365	4	159	1.331590	0.578035
ox.___502	0.542824	3	102	3.036697	0.854369
ox._130t3	0.381022	3	72	1.441624	0.612500
ox.___130	0.299165	6	84	1.282411	0.565217
ox._488s2	0.783626	3	114	4.163743	0.868421
ox.__10t9	0.438949	4	149	2.110615	0.743421
ox._10s10	0.449993	9	160	2.200242	0.843373
ox.__80t1	0.533988	3	232	2.817791	0.811715
ox.___4t3	0.412977	5	92	2.174938	0.728155
ox._10t13	0.314353	15	159	1.366001	0.639344
ox.___370	0.456625	3	116	2.242902	0.737288
ox.12t110	0.634873	16	124	3.041294	0.800000
ox.___498	0.467001	5	100	2.358193	0.792793
ox.___525	0.486641	4	138	2.339782	0.876712
ox._442s1	0.750599	3	106	4.273585	0.934579
ox.__30t2	0.814642	3	214	4.289720	0.929907
ox._414s2	0.657170	3	53	3.866667	0.814815
ox.136s31	0.351302	27	153	1.486266	0.678363
ox._22s44	0.488836	3	96	2.186207	0.707071
